<?xml version="1.0" encoding="UTF-8"?>

<!-- generated on 2023-08-31 15:04:15 by Eclipse SUMO GUI Version 1.18.0
<configuration xmlns:xsi="http://www.w3.org/2001/XMLSchema-instance" xsi:noNamespaceSchemaLocation="http://sumo.dlr.de/xsd/sumoConfiguration.xsd">

    <input>
        <net-file value="D:\project\python\ucd\RLlib_test\sumo-rl-VSL12.1.7\nets\ramp_VSL\map.net.xml"/>
        <route-files value="D:\project\python\ucd\RLlib_test\sumo-rl-VSL12.1.7\nets\ramp_VSL\fcd.rou.xml"/>
        <additional-files value="D:\project\python\ucd\RLlib_test\sumo-rl-VSL12.1.7\nets\ramp_VSL\e1.add.xml"/>
    </input>

    <output>
        <emission-output value="D:\project\python\ucd\RLlib_test\sumo-rl-VSL12.1.7\nets\ramp_VSL\output/CO2emission.xml"/>
        <summary-output value="D:\project\python\ucd\RLlib_test\sumo-rl-VSL12.1.7\nets\ramp_VSL\output/summary.xml"/>
        <tripinfo-output value="D:\project\python\ucd\RLlib_test\sumo-rl-VSL12.1.7\nets\ramp_VSL\output/tripinfo.xml"/>
    </output>

    <time>
        <begin value="3000"/>
        <end value="5400"/>
    </time>

    <gui_only>
        <gui-settings-file value="D:\project\python\ucd\RLlib_test\sumo-rl-VSL12.1.7\nets\ramp_VSL\gui.settings.xml"/>
        <quit-on-end value="false"/>
    </gui_only>

</configuration>
-->

<SSMLog>
    <conflict begin="3073.00" end="3085.00" ego="3761" foe="3759">
        <timeSpan values="3073.00 3074.00 3075.00 3076.00 3077.00 3078.00 3079.00 3080.00 3081.00 3082.00 3083.00 3084.00 3085.00"/>
        <typeSpan values="2 2 2 2 4 4 4 4 4 4 4 0 0"/>
        <egoPosition values="3687.52,1355.78 3669.87,1356.14 3654.96,1356.45 3645.72,1356.64 3637.35,1353.61 3627.62,1350.61 3615.43,1350.86 3600.84,1351.16 3584.00,1351.51 3565.08,1351.79 3544.53,1351.64 3522.61,1351.48 3499.62,1351.32"/>
        <egoVelocity values="-19.99,0.41 -17.65,0.36 -14.92,0.31 -9.24,0.19 -8.30,0.17 -9.67,0.20 -12.18,0.25 -14.60,0.30 -16.84,0.35 -18.85,-0.05 -20.55,-0.15 -21.92,-0.16 -22.98,-0.17"/>
        <foePosition values="3638.69,1356.78 3631.73,1356.93 3629.27,1356.98 3625.06,1357.07 3618.87,1357.19 3611.00,1357.36 3607.62,1357.43 3607.62,1357.43 3605.74,1354.26 3602.57,1354.33 3596.89,1354.45 3589.54,1354.60 3579.60,1354.80"/>
        <foeVelocity values="-11.46,0.24 -6.96,0.14 -2.46,0.05 -4.21,0.09 -6.19,0.13 -7.87,0.16 -3.37,0.07 -0.00,0.00 -1.81,0.04 -3.17,0.07 -5.69,0.12 -7.35,0.15 -9.94,0.21"/>
        <conflictPoint values="3642.19,1356.71 3635.23,1356.86 3632.77,1356.91 3628.56,1356.99 NA NA NA NA NA NA NA NA NA"/>
        <TTCSpan values="5.31 3.24 1.78 3.41 NA NA NA NA NA NA NA NA NA"/>
        <minTTC time="3075.00" position="3632.77,1356.91" type="2" value="1.78" speed="14.92"/>
    </conflict>
    <conflict begin="3178.00" end="3192.00" ego="3875" foe="3891">
        <timeSpan values="3178.00 3179.00 3180.00 3181.00 3182.00 3183.00 3184.00 3185.00 3186.00 3187.00 3188.00 3189.00 3190.00 3191.00 3192.00"/>
        <typeSpan values="4 4 4 3 3 3 3 3 3 18 18 18 18 18 18"/>
        <egoPosition values="3638.69,1353.58 3629.42,1353.77 3622.75,1353.91 3620.65,1357.16 3615.88,1357.25 3608.52,1357.41 3598.57,1357.61 3586.09,1357.87 3571.13,1358.18 3554.56,1358.48 3535.02,1358.50 3513.48,1358.52 3490.20,1358.54 3465.47,1358.56 3439.57,1358.58"/>
        <egoVelocity values="-11.71,0.24 -9.27,0.19 -6.67,0.14 -2.17,0.04 -4.77,0.10 -7.36,0.15 -9.94,0.21 -12.49,0.26 -14.96,0.31 -17.32,0.02 -19.54,0.02 -21.54,0.02 -23.28,0.02 -24.73,0.02 -25.90,0.02"/>
        <foePosition values="3685.06,1355.83 3669.83,1356.14 3656.02,1356.43 3646.33,1356.63 3636.65,1356.83 3627.35,1357.02 3622.54,1357.12 3615.93,1357.25 3609.77,1357.38 3601.43,1354.35 3591.55,1354.56 3579.85,1354.80 3565.76,1355.00 3550.04,1354.88 3532.20,1354.75"/>
        <foeVelocity values="-19.14,0.39 -15.23,0.31 -13.81,0.29 -9.69,0.20 -9.69,0.20 -9.30,0.19 -4.80,0.10 -6.61,0.14 -6.16,0.13 -8.28,0.17 -9.88,0.20 -11.70,0.24 -13.96,0.00 -15.72,-0.11 -17.84,-0.13"/>
        <conflictPoint values="NA NA NA 3624.15,1357.08 3619.38,1357.18 3612.02,1357.33 3602.07,1357.54 3589.59,1357.80 3574.63,1358.11 NA NA NA NA NA NA"/>
        <TTCSpan values="NA NA NA 2.95 3.51 7.91 NA NA NA NA NA NA NA NA NA"/>
        <minTTC time="3181.00" position="3624.15,1357.08" type="3" value="2.95" speed="2.17"/>
    </conflict>
    <conflict begin="3200.00" end="3208.00" ego="3902" foe="3900">
        <timeSpan values="3200.00 3201.00 3202.00 3203.00 3204.00 3205.00 3206.00 3207.00 3208.00"/>
        <typeSpan values="4 3 4 4 4 0 0 0 0"/>
        <egoPosition values="3601.10,1357.56 3598.90,1357.61 3594.11,1354.50 3586.80,1354.65 3576.91,1354.86 3564.35,1354.99 3549.45,1354.88 3532.20,1354.75 3512.80,1354.61"/>
        <egoVelocity values="-1.67,0.03 -2.20,0.05 -4.71,0.10 -7.31,0.15 -9.89,0.20 -12.43,-0.07 -14.90,-0.11 -17.24,-0.13 -19.40,-0.14"/>
        <foePosition values="3652.81,1353.29 3635.02,1356.86 3621.52,1357.14 3612.52,1357.32 3607.08,1357.44 3601.55,1357.55 3593.52,1357.72 3583.66,1357.92 3572.23,1358.16"/>
        <foeVelocity values="-22.01,0.45 -17.86,0.37 -13.50,0.28 -9.00,0.19 -5.45,0.11 -5.53,0.11 -8.03,0.17 -9.86,0.20 -11.43,0.24"/>
        <conflictPoint values="NA 3602.40,1357.53 NA NA NA NA NA NA NA"/>
        <TTCSpan values="NA 2.08 NA NA NA NA NA NA NA"/>
        <minTTC time="3201.00" position="3602.40,1357.53" type="3" value="2.08" speed="2.20"/>
    </conflict>
    <conflict begin="3200.00" end="3219.00" ego="3894" foe="3900">
        <timeSpan values="3200.00 3201.00 3202.00 3203.00 3204.00 3205.00 3206.00 3207.00 3208.00 3209.00 3210.00 3211.00 3212.00 3213.00 3214.00 3215.00 3216.00 3217.00 3218.00 3219.00"/>
        <typeSpan values="3 4 4 3 3 3 3 3 3 3 3 3 3 3 3 3 3 18 18 18"/>
        <egoPosition values="3610.01,1354.17 3603.79,1354.30 3602.07,1354.34 3599.68,1357.59 3594.62,1357.69 3586.96,1357.85 3576.73,1358.06 3564.71,1358.47 3549.43,1358.49 3531.77,1358.50 3511.87,1358.52 3489.93,1358.54 3466.19,1358.56 3440.93,1358.58 3414.45,1359.70 3387.03,1362.04 3358.96,1365.41 3330.52,1369.49 3301.77,1373.63 3272.79,1377.79"/>
        <egoVelocity values="-10.72,0.22 -6.22,0.13 -1.72,0.04 -2.46,0.05 -5.06,0.10 -7.66,0.16 -10.24,0.21 -12.78,0.23 -15.27,0.01 -17.66,0.02 -19.90,0.02 -21.94,0.02 -23.73,0.02 -25.26,0.02 -26.46,1.67 -27.38,2.68 -28.00,4.02 -28.43,4.09 -28.75,4.13 -28.98,4.17"/>
        <foePosition values="3652.81,1353.29 3635.02,1356.86 3621.52,1357.14 3612.52,1357.32 3607.08,1357.44 3601.55,1357.55 3593.52,1357.72 3583.66,1357.92 3572.23,1358.16 3559.28,1358.48 3543.39,1358.49 3525.91,1358.51 3506.29,1358.52 3484.81,1358.54 3461.36,1358.56 3435.54,1358.59 3409.83,1359.99 3384.44,1362.33 3359.45,1365.34 3334.35,1368.94"/>
        <foeVelocity values="-22.01,0.45 -17.86,0.37 -13.50,0.28 -9.00,0.19 -5.45,0.11 -5.53,0.11 -8.03,0.17 -9.86,0.20 -11.43,0.24 -13.71,0.01 -15.89,0.01 -17.48,0.02 -19.62,0.02 -21.48,0.02 -23.45,0.02 -25.82,0.02 -25.70,1.62 -25.34,2.83 -24.92,3.58 -25.11,3.61"/>
        <conflictPoint values="3613.51,1354.10 NA NA 3603.18,1357.52 3598.12,1357.62 3590.46,1357.78 3580.23,1357.99 3568.05,1358.41 3552.93,1358.48 3535.27,1358.50 3515.37,1358.52 3493.43,1358.54 3469.69,1358.56 3444.43,1358.58 3417.94,1359.48 3390.52,1361.70 3362.42,1364.91 NA NA NA"/>
        <TTCSpan values="3.48 NA NA 1.43 23.32 NA NA NA NA NA NA NA NA NA NA NA NA NA NA NA"/>
        <minTTC time="3203.00" position="3603.18,1357.52" type="3" value="1.43" speed="2.46"/>
    </conflict>
    <conflict begin="3202.00" end="3214.00" ego="3894" foe="3899">
        <timeSpan values="3202.00 3203.00 3204.00 3205.00 3206.00 3207.00 3208.00 3209.00 3210.00 3211.00 3212.00 3213.00 3214.00"/>
        <typeSpan values="3 4 4 4 3 3 3 3 18 18 18 18 18"/>
        <egoPosition values="3602.07,1354.34 3599.68,1357.59 3594.62,1357.69 3586.96,1357.85 3576.73,1358.06 3564.71,1358.47 3549.43,1358.49 3531.77,1358.50 3511.87,1358.52 3489.93,1358.54 3466.19,1358.56 3440.93,1358.58 3414.45,1359.70"/>
        <egoVelocity values="-1.72,0.04 -2.46,0.05 -5.06,0.10 -7.66,0.16 -10.24,0.21 -12.78,0.23 -15.27,0.01 -17.66,0.02 -19.90,0.02 -21.94,0.02 -23.73,0.02 -25.26,0.02 -26.46,1.67"/>
        <foePosition values="3645.45,1353.44 3631.40,1353.73 3620.70,1353.95 3613.71,1354.10 3609.15,1357.39 3602.55,1357.53 3593.95,1357.71 3583.43,1357.92 3570.92,1358.18 3557.16,1358.48 3540.74,1358.49 3522.45,1358.51 3502.37,1358.53"/>
        <foeVelocity values="-19.65,0.41 -14.05,0.29 -10.70,0.22 -6.99,0.14 -4.63,0.10 -6.60,0.14 -8.60,0.18 -10.52,0.22 -12.51,0.26 -14.52,0.01 -16.41,0.01 -18.29,0.02 -20.08,0.02"/>
        <conflictPoint values="3605.57,1354.27 NA NA NA 3580.23,1357.99 3568.05,1358.41 3552.93,1358.48 3535.27,1358.50 NA NA NA NA NA"/>
        <TTCSpan values="2.22 NA NA NA NA NA NA NA NA NA NA NA NA"/>
        <minTTC time="3202.00" position="3605.57,1354.27" type="3" value="2.22" speed="1.72"/>
    </conflict>
    <conflict begin="3432.00" end="3450.00" ego="4169" foe="4168">
        <timeSpan values="3432.00 3433.00 3434.00 3435.00 3436.00 3437.00 3438.00 3439.00 3440.00 3441.00 3442.00 3443.00 3444.00 3445.00 3446.00 3447.00 3448.00 3449.00 3450.00"/>
        <typeSpan values="3 3 4 3 3 3 3 3 3 3 3 3 3 3 3 3 18 18 18"/>
        <egoPosition values="3608.28,1354.21 3601.99,1354.34 3600.26,1357.58 3595.87,1357.67 3588.88,1357.81 3579.30,1358.01 3567.82,1358.43 3553.26,1358.48 3536.14,1358.50 3516.69,1358.51 3495.07,1358.53 3471.50,1358.55 3446.20,1358.58 3419.45,1359.38 3391.55,1361.61 3362.78,1364.86 3333.49,1369.07 3303.73,1373.35 3273.63,1377.67"/>
        <egoVelocity values="-10.79,0.22 -6.29,0.13 -1.79,0.04 -4.39,0.09 -6.99,0.14 -9.58,0.20 -12.10,1.05 -14.67,0.01 -17.12,0.02 -19.45,0.02 -21.62,0.02 -23.57,0.02 -25.30,0.02 -26.72,1.69 -27.88,2.48 -28.67,4.10 -29.29,4.21 -29.76,4.28 -30.10,4.33"/>
        <foePosition values="3653.24,1353.28 3635.19,1353.65 3621.41,1353.94 3611.60,1357.34 3605.71,1357.46 3597.52,1357.63 3588.30,1357.82 3577.15,1358.05 3564.24,1358.47 3548.22,1358.49 3530.65,1358.50 3510.79,1358.52 3489.56,1358.54 3466.06,1358.56 3440.68,1358.58 3414.51,1359.69 3388.88,1361.85 3363.78,1364.71 3338.95,1368.28"/>
        <foeVelocity values="-20.71,0.43 -18.05,0.37 -13.78,0.28 -9.89,0.20 -5.89,0.12 -8.19,0.17 -9.22,0.19 -11.15,0.23 -13.67,0.10 -16.03,0.01 -17.56,0.02 -19.86,0.02 -21.24,0.02 -23.49,0.02 -25.38,0.02 -26.15,1.65 -25.61,2.28 -25.05,3.36 -24.83,3.57"/>
        <conflictPoint values="3611.78,1354.14 3605.49,1354.27 NA 3599.37,1357.60 3592.38,1357.74 3582.80,1357.94 3570.66,1358.19 3556.76,1358.48 3539.64,1358.49 3520.19,1358.51 3498.57,1358.53 3475.00,1358.55 3449.70,1358.57 3422.94,1359.16 3395.03,1361.30 3366.24,1364.36 NA NA NA"/>
        <TTCSpan values="4.18 2.53 NA 2.23 NA NA NA NA NA NA NA NA NA NA NA NA NA NA NA"/>
        <minTTC time="3435.00" position="3599.37,1357.60" type="3" value="2.23" speed="4.39"/>
    </conflict>
    <conflict begin="3422.00" end="3452.00" ego="4167" foe="4170">
        <timeSpan values="3422.00 3423.00 3424.00 3425.00 3426.00 3427.00 3428.00 3429.00 3430.00 3431.00 3432.00 3433.00 3434.00 3435.00 3436.00 3437.00 3438.00 3439.00 3440.00 3441.00 3442.00 3443.00 3444.00 3445.00 3446.00 3447.00 3448.00 3449.00 3450.00 3451.00 3452.00"/>
        <typeSpan values="3 3 3 3 3 3 3 3 3 3 3 4 3 3 3 3 3 3 3 3 3 3 3 3 3 3 3 3 3 3 3"/>
        <egoPosition values="3627.40,1357.02 3623.87,1357.09 3617.80,1357.22 3616.23,1357.25 3612.26,1357.33 3605.82,1357.46 3603.88,1357.50 3599.46,1357.59 3592.80,1357.73 3590.65,1357.78 3586.06,1357.87 3580.16,1354.79 3571.74,1354.96 3560.64,1354.96 3547.21,1354.86 3531.46,1354.75 3513.60,1354.62 3493.93,1354.47 3472.77,1354.32 3450.46,1354.16 3427.30,1353.99 3403.53,1353.81 3379.35,1353.64 3354.84,1353.34 3330.18,1352.92 3305.37,1352.49 3280.47,1352.07 3255.52,1351.64 3230.52,1351.21 3205.50,1350.78 3180.46,1350.35"/>
        <egoVelocity values="-0.94,0.02 -3.53,0.07 -6.07,0.13 -1.57,0.03 -3.97,0.08 -6.44,0.13 -1.94,0.04 -4.41,0.09 -6.66,0.14 -2.16,0.04 -4.58,0.09 -5.84,0.12 -8.42,0.17 -10.97,-0.08 -13.43,-0.10 -15.75,-0.11 -17.85,-0.13 -19.67,-0.14 -21.15,-0.15 -22.31,-0.16 -23.16,-0.17 -23.76,-0.17 -24.17,-0.18 -24.45,-0.42 -24.66,-0.42 -24.80,-0.43 -24.90,-0.43 -24.96,-0.43 -25.00,-0.43 -25.02,-0.43 -25.04,-0.43"/>
        <foePosition values="3667.67,1356.19 3656.91,1356.41 3646.15,1356.63 3635.38,1356.85 3628.90,1356.99 3626.77,1357.03 3622.19,1357.12 3616.49,1357.24 3615.28,1357.27 3611.57,1357.34 3605.98,1357.46 3599.29,1357.60 3592.08,1354.54 3583.22,1354.73 3572.55,1354.95 3559.82,1354.95 3545.24,1354.85 3528.71,1354.73 3510.30,1354.59 3490.19,1354.45 3468.59,1354.29 3445.79,1354.12 3422.06,1353.95 3397.67,1353.77 3372.84,1353.59 3347.68,1353.22 3322.41,1352.79 3297.06,1352.35 3271.67,1351.92 3246.28,1351.48 3220.91,1351.04"/>
        <foeVelocity values="-14.62,0.30 -10.76,0.22 -10.76,0.22 -10.76,0.22 -6.49,0.13 -2.13,0.04 -4.58,0.09 -5.70,0.12 -1.20,0.02 -3.72,0.08 -5.59,0.12 -6.69,0.14 -7.14,0.15 -8.86,0.18 -10.67,0.22 -12.60,-0.09 -14.57,-0.11 -16.53,-0.12 -18.40,-0.13 -20.11,-0.15 -21.59,-0.16 -22.80,-0.17 -23.72,-0.17 -24.39,-0.18 -24.83,-0.18 -25.10,-0.43 -25.27,-0.43 -25.35,-0.43 -25.39,-0.44 -25.39,-0.44 -25.38,-0.44"/>
        <conflictPoint values="3630.90,1356.94 3627.37,1357.02 3621.30,1357.14 3619.73,1357.18 3615.76,1357.26 3609.32,1357.39 3607.38,1357.43 3602.96,1357.52 3596.30,1357.66 3594.14,1357.70 3589.56,1357.80 NA 3575.24,1354.89 3564.14,1354.99 3550.71,1354.89 3534.96,1354.77 3517.10,1354.64 3497.43,1354.50 3476.27,1354.35 3453.96,1354.18 3430.80,1354.01 3407.03,1353.84 3382.85,1353.66 3358.34,1353.40 3333.68,1352.98 3308.87,1352.55 3283.97,1352.13 3259.02,1351.70 3234.02,1351.27 3209.00,1350.84 3183.96,1350.41"/>
        <TTCSpan values="2.69 4.09 5.29 1.70 5.22 NA 5.61 10.52 NA 11.17 16.35 NA NA NA NA NA NA NA NA NA NA NA NA NA 245.08 130.51 104.34 96.69 96.72 101.29 109.28"/>
        <minTTC time="3425.00" position="3619.73,1357.18" type="3" value="1.70" speed="1.57"/>
    </conflict>
    <conflict begin="3422.00" end="3452.00" ego="4170" foe="4167">
        <timeSpan values="3422.00 3423.00 3424.00 3425.00 3426.00 3427.00 3428.00 3429.00 3430.00 3431.00 3432.00 3433.00 3434.00 3435.00 3436.00 3437.00 3438.00 3439.00 3440.00 3441.00 3442.00 3443.00 3444.00 3445.00 3446.00 3447.00 3448.00 3449.00 3450.00 3451.00 3452.00"/>
        <typeSpan values="2 2 2 2 2 2 2 2 2 2 2 4 2 2 2 2 2 2 2 2 2 2 2 2 2 2 2 2 2 2 2"/>
        <egoPosition values="3667.67,1356.19 3656.91,1356.41 3646.15,1356.63 3635.38,1356.85 3628.90,1356.99 3626.77,1357.03 3622.19,1357.12 3616.49,1357.24 3615.28,1357.27 3611.57,1357.34 3605.98,1357.46 3599.29,1357.60 3592.08,1354.54 3583.22,1354.73 3572.55,1354.95 3559.82,1354.95 3545.24,1354.85 3528.71,1354.73 3510.30,1354.59 3490.19,1354.45 3468.59,1354.29 3445.79,1354.12 3422.06,1353.95 3397.67,1353.77 3372.84,1353.59 3347.68,1353.22 3322.41,1352.79 3297.06,1352.35 3271.67,1351.92 3246.28,1351.48 3220.91,1351.04"/>
        <egoVelocity values="-14.62,0.30 -10.76,0.22 -10.76,0.22 -10.76,0.22 -6.49,0.13 -2.13,0.04 -4.58,0.09 -5.70,0.12 -1.20,0.02 -3.72,0.08 -5.59,0.12 -6.69,0.14 -7.14,0.15 -8.86,0.18 -10.67,0.22 -12.60,-0.09 -14.57,-0.11 -16.53,-0.12 -18.40,-0.13 -20.11,-0.15 -21.59,-0.16 -22.80,-0.17 -23.72,-0.17 -24.39,-0.18 -24.83,-0.18 -25.10,-0.43 -25.27,-0.43 -25.35,-0.43 -25.39,-0.44 -25.39,-0.44 -25.38,-0.44"/>
        <foePosition values="3627.40,1357.02 3623.87,1357.09 3617.80,1357.22 3616.23,1357.25 3612.26,1357.33 3605.82,1357.46 3603.88,1357.50 3599.46,1357.59 3592.80,1357.73 3590.65,1357.78 3586.06,1357.87 3580.16,1354.79 3571.74,1354.96 3560.64,1354.96 3547.21,1354.86 3531.46,1354.75 3513.60,1354.62 3493.93,1354.47 3472.77,1354.32 3450.46,1354.16 3427.30,1353.99 3403.53,1353.81 3379.35,1353.64 3354.84,1353.34 3330.18,1352.92 3305.37,1352.49 3280.47,1352.07 3255.52,1351.64 3230.52,1351.21 3205.50,1350.78 3180.46,1350.35"/>
        <foeVelocity values="-0.94,0.02 -3.53,0.07 -6.07,0.13 -1.57,0.03 -3.97,0.08 -6.44,0.13 -1.94,0.04 -4.41,0.09 -6.66,0.14 -2.16,0.04 -4.58,0.09 -5.84,0.12 -8.42,0.17 -10.97,-0.08 -13.43,-0.10 -15.75,-0.11 -17.85,-0.13 -19.67,-0.14 -21.15,-0.15 -22.31,-0.16 -23.16,-0.17 -23.76,-0.17 -24.17,-0.18 -24.45,-0.42 -24.66,-0.42 -24.80,-0.43 -24.90,-0.43 -24.96,-0.43 -25.00,-0.43 -25.02,-0.43 -25.04,-0.43"/>
        <conflictPoint values="3630.90,1356.94 3627.37,1357.02 3621.30,1357.14 3619.73,1357.18 3615.76,1357.26 3609.32,1357.39 3607.38,1357.43 3602.96,1357.52 3596.30,1357.66 3594.14,1357.70 3589.56,1357.80 NA 3575.24,1354.89 3564.14,1354.99 3550.71,1354.89 3534.96,1354.77 3517.10,1354.64 3497.43,1354.50 3476.27,1354.35 3453.96,1354.18 3430.80,1354.01 3407.03,1353.84 3382.85,1353.66 3358.34,1353.40 3333.68,1352.98 3308.87,1352.55 3283.97,1352.13 3259.02,1351.70 3234.02,1351.27 3209.00,1350.84 3183.96,1350.41"/>
        <TTCSpan values="2.69 4.09 5.29 1.70 5.22 NA 5.61 10.52 NA 11.17 16.35 NA NA NA NA NA NA NA NA NA NA NA NA NA 245.08 130.51 104.34 96.69 96.72 101.29 109.28"/>
        <minTTC time="3425.00" position="3619.73,1357.18" type="2" value="1.70" speed="10.76"/>
    </conflict>
    <conflict begin="3519.00" end="3529.00" ego="4305" foe="4283">
        <timeSpan values="3519.00 3520.00 3521.00 3522.00 3523.00 3524.00 3525.00 3526.00 3527.00 3528.00 3529.00"/>
        <typeSpan values="4 3 3 3 4 4 4 4 4 0 0"/>
        <egoPosition values="3680.55,1355.92 3661.75,1356.31 3647.46,1356.60 3637.66,1356.81 3629.73,1353.77 3619.30,1353.98 3606.30,1354.25 3590.76,1354.57 3572.74,1354.94 3552.17,1354.90 3529.46,1354.73"/>
        <egoVelocity values="-23.29,0.48 -18.80,0.39 -14.30,0.30 -9.80,0.20 -7.85,0.16 -10.43,0.22 -13.00,0.27 -15.54,0.32 -18.03,0.37 -20.43,-0.15 -22.71,-0.17"/>
        <foePosition values="3717.32,1351.49 3696.37,1355.59 3675.80,1356.02 3659.74,1356.35 3648.18,1356.59 3634.92,1356.86 3619.18,1357.19 3601.22,1357.56 3587.77,1357.83 3571.92,1358.16 3554.26,1358.48"/>
        <foeVelocity values="-20.97,1.03 -15.02,14.26 -20.56,0.42 -16.06,0.33 -11.56,0.24 -13.26,0.27 -15.74,0.32 -17.96,0.37 -13.46,0.28 -15.85,0.33 -18.42,0.02"/>
        <conflictPoint values="NA 3665.25,1356.24 3650.95,1356.53 3641.16,1356.73 NA NA NA NA NA NA NA"/>
        <TTCSpan values="NA 16.32 3.97 2.97 NA NA NA NA NA NA NA"/>
        <minTTC time="3522.00" position="3641.16,1356.73" type="3" value="2.97" speed="9.80"/>
    </conflict>
    <conflict begin="3529.00" end="3593.00" ego="4350" foe="4349">
        <timeSpan values="3529.00 3530.00 3531.00 3532.00 3533.00 3534.00 3535.00 3536.00 3537.00 3538.00 3539.00 3540.00 3541.00 3542.00 3543.00 3544.00 3545.00 3546.00 3547.00 3548.00 3549.00 3550.00 3551.00 3552.00 3553.00 3554.00 3555.00 3556.00 3557.00 3558.00 3559.00 3560.00 3561.00 3562.00 3563.00 3564.00 3565.00 3566.00 3567.00 3568.00 3569.00 3570.00 3571.00 3572.00 3573.00 3574.00 3575.00 3576.00 3577.00 3578.00 3579.00 3580.00 3581.00 3582.00 3583.00 3584.00 3585.00 3586.00 3587.00 3588.00 3589.00 3590.00 3591.00 3592.00 3593.00"/>
        <typeSpan values="4 4 4 4 4 4 4 4 4 4 4 4 4 4 4 4 4 4 4 4 4 4 4 4 4 4 4 4 4 4 4 4 2 2 2 2 2 2 2 2 2 2 2 2 2 2 4 4 4 2 2 2 2 2 2 2 2 2 2 2 2 18 18 18 18"/>
        <egoPosition values="4505.92,1105.11 4501.79,1106.38 4495.50,1108.32 4487.05,1110.93 4476.51,1114.18 4464.21,1118.09 4449.94,1123.00 4433.81,1128.55 4415.94,1134.69 4396.47,1141.39 4375.62,1148.56 4353.50,1156.16 4330.26,1164.15 4306.41,1172.35 4282.00,1180.75 4257.68,1189.07 4233.73,1197.26 4210.39,1205.25 4187.51,1213.07 4164.31,1221.01 4141.54,1228.79 4119.80,1236.23 4098.04,1243.67 4078.24,1250.75 4058.27,1258.07 4037.66,1265.61 4016.32,1273.43 3994.02,1281.60 3971.29,1289.92 3948.01,1298.45 3924.41,1307.09 3902.65,1315.06 3881.90,1322.75 3860.70,1329.04 3838.78,1335.17 3815.56,1339.76 3791.46,1344.31 3766.85,1348.74 3741.76,1350.29 3716.84,1351.52 3692.39,1352.47 3670.19,1352.93 3650.69,1353.33 3634.80,1353.66 3623.42,1353.90 3617.05,1354.03 3615.37,1354.06 3615.37,1354.06 3613.32,1354.11 3609.69,1357.38 3604.21,1357.50 3596.78,1357.65 3587.26,1357.85 3575.73,1358.08 3563.08,1358.47 3547.89,1358.49 3530.84,1358.50 3511.95,1358.52 3491.45,1358.54 3469.50,1358.56 3446.20,1358.58 3421.63,1359.24 3396.03,1361.21 3369.81,1363.96 3343.14,1367.68"/>
        <egoVelocity values="-2.00,0.62 -4.13,1.28 -6.28,1.94 -8.45,2.61 -10.53,3.25 -12.41,4.25 -14.27,4.91 -16.13,5.55 -17.86,6.14 -19.47,6.70 -20.86,7.17 -22.11,7.60 -23.24,7.99 -23.85,8.20 -24.41,8.39 -24.32,8.32 -23.95,8.19 -23.35,7.98 -22.88,7.82 -23.20,7.93 -22.77,7.79 -21.74,7.43 -21.75,7.44 -19.89,7.28 -19.97,7.31 -20.61,7.55 -21.35,7.82 -22.30,8.17 -22.73,8.32 -23.29,8.53 -23.59,8.64 -21.76,7.97 -21.16,6.29 -20.98,6.23 -22.11,4.37 -22.99,4.54 -23.89,4.30 -24.36,4.39 -24.87,1.22 -24.67,1.21 -24.14,0.50 -22.19,0.46 -19.51,0.40 -15.89,0.33 -11.38,0.23 -6.36,0.13 -1.68,0.03 -0.00,0.00 -2.05,0.04 -3.70,0.08 -5.47,0.11 -7.44,0.15 -9.52,0.20 -11.53,0.24 -13.41,0.01 -15.20,0.01 -17.05,0.02 -18.88,0.02 -20.50,0.02 -21.95,0.02 -23.30,0.02 -24.54,1.55 -25.58,2.28 -26.20,2.92 -26.67,3.83"/>
        <foePosition values="4506.03,1098.37 4504.77,1098.76 4501.24,1099.85 4495.69,1101.56 4488.10,1103.90 4478.28,1106.93 4467.01,1110.41 4454.51,1114.66 4439.86,1119.70 4423.24,1125.41 4405.09,1131.66 4384.91,1138.60 4362.33,1146.36 4338.10,1154.69 4312.54,1163.48 4285.73,1172.70 4258.67,1181.98 4231.47,1191.28 4204.95,1203.73 4177.93,1212.97 4149.99,1222.52 4122.70,1231.85 4099.25,1239.87 4075.91,1248.20 4052.87,1256.64 4028.62,1265.52 4003.42,1274.75 3977.83,1284.12 3952.53,1293.38 3926.59,1302.88 3901.02,1312.25 3877.18,1320.81 3855.62,1330.55 3831.47,1336.62 3805.64,1341.72 3777.90,1346.75 3749.45,1349.92 3722.21,1351.25 3696.58,1352.39 3673.30,1352.87 3652.97,1353.29 3636.55,1353.63 3623.52,1353.90 3614.35,1354.08 3609.39,1354.19 3608.58,1354.20 3608.65,1357.40 3606.15,1357.46 3602.15,1357.54 3595.89,1357.67 3587.21,1357.85 3576.13,1358.07 3564.18,1358.47 3549.94,1358.49 3533.99,1358.50 3515.57,1358.52 3494.88,1358.53 3472.86,1358.55 3449.25,1358.57 3423.74,1359.11 3395.83,1361.23 3366.27,1364.36 3337.94,1368.43 3308.70,1372.63 3280.53,1376.68"/>
        <foeVelocity values="-0.00,0.00 -1.26,0.39 -3.53,1.09 -5.56,1.71 -7.58,2.34 -9.82,3.03 -11.27,3.48 -12.48,4.29 -14.65,5.04 -16.62,5.72 -18.15,6.24 -20.18,6.94 -22.58,7.76 -24.23,8.33 -25.56,8.79 -26.81,9.22 -27.07,9.25 -27.20,9.30 -27.55,9.42 -27.02,9.24 -27.94,9.55 -27.29,9.33 -23.45,8.02 -23.33,8.54 -23.05,8.44 -24.25,8.88 -25.20,9.23 -25.59,9.37 -25.30,9.26 -25.94,9.50 -25.58,9.37 -24.24,7.20 -22.38,6.65 -24.21,4.78 -25.56,5.05 -27.46,4.95 -28.36,1.39 -26.97,1.33 -25.27,0.59 -23.27,0.48 -20.34,0.42 -16.41,0.34 -13.04,0.27 -9.17,0.19 -4.96,0.10 -0.80,0.02 -0.00,0.00 -2.51,0.05 -3.99,0.08 -6.26,0.13 -8.68,0.18 -11.07,0.23 -12.71,0.08 -14.25,0.01 -15.95,0.01 -18.41,0.02 -20.70,0.02 -22.02,0.02 -23.61,0.02 -25.47,1.61 -27.88,2.49 -29.54,3.31 -28.33,4.07 -29.25,4.20 -28.17,4.05"/>
        <conflictPoint values="NA NA NA NA NA NA NA NA NA NA NA NA NA NA NA NA NA NA NA NA NA NA NA NA NA NA NA NA NA NA NA NA 3859.01,1329.54 3834.94,1335.93 3809.11,1341.04 3781.38,1346.12 3752.99,1349.74 3725.74,1351.08 3700.12,1352.30 3676.80,1352.80 3656.46,1353.22 3640.05,1353.55 3627.02,1353.82 3617.84,1354.01 3612.89,1354.11 3612.08,1354.13 NA NA NA 3599.39,1357.59 3590.71,1357.77 3579.63,1358.00 3567.63,1358.45 3553.44,1358.48 3537.49,1358.50 3519.07,1358.51 3498.38,1358.53 3476.36,1358.55 3452.75,1358.57 3427.23,1358.89 3399.31,1360.92 NA NA NA NA"/>
        <TTCSpan values="NA NA NA NA NA NA NA NA NA NA NA NA NA NA NA NA NA NA NA NA NA NA NA NA NA NA NA NA NA NA NA NA NA NA NA NA NA NA NA 27.96 9.46 5.21 3.66 2.52 1.64 0.89 NA NA NA NA NA NA NA NA NA NA NA NA NA NA NA NA NA NA NA"/>
        <minTTC time="3574.00" position="3612.08,1354.13" type="2" value="0.89" speed="6.37"/>
    </conflict>
    <conflict begin="3569.00" end="3582.00" ego="4350" foe="4376">
        <timeSpan values="3569.00 3570.00 3571.00 3572.00 3573.00 3574.00 3575.00 3576.00 3577.00 3578.00 3579.00 3580.00 3581.00 3582.00"/>
        <typeSpan values="4 4 4 4 4 4 3 4 4 4 4 4 0 0"/>
        <egoPosition values="3692.39,1352.47 3670.19,1352.93 3650.69,1353.33 3634.80,1353.66 3623.42,1353.90 3617.05,1354.03 3615.37,1354.06 3615.37,1354.06 3613.32,1354.11 3609.69,1357.38 3604.21,1357.50 3596.78,1357.65 3587.26,1357.85 3575.73,1358.08"/>
        <egoVelocity values="-24.14,0.50 -22.19,0.46 -19.51,0.40 -15.89,0.33 -11.38,0.23 -6.36,0.13 -1.68,0.03 -0.00,0.00 -2.05,0.04 -3.70,0.08 -5.47,0.11 -7.44,0.15 -9.52,0.20 -11.53,0.24"/>
        <foePosition values="3731.06,1353.95 3708.01,1355.32 3686.23,1355.80 3668.81,1356.16 3653.34,1356.48 3640.54,1356.75 3630.93,1353.74 3625.11,1350.66 3617.21,1350.82 3607.12,1351.03 3594.76,1351.29 3580.29,1351.59 3564.16,1351.79 3546.47,1351.66"/>
        <foeVelocity values="-25.61,0.29 -23.05,1.36 -21.79,0.45 -17.42,0.36 -15.47,0.32 -12.80,0.26 -9.54,0.20 -5.76,0.12 -7.90,0.16 -10.09,0.21 -12.37,0.26 -14.46,0.30 -16.07,-0.10 -17.69,-0.13"/>
        <conflictPoint values="NA NA NA NA NA NA 3618.87,1353.99 NA NA NA NA NA NA NA"/>
        <TTCSpan values="NA NA NA NA NA NA 1.53 NA NA NA NA NA NA NA"/>
        <minTTC time="3575.00" position="3618.87,1353.99" type="3" value="1.53" speed="1.69"/>
    </conflict>
    <conflict begin="3575.00" end="3586.00" ego="4358" foe="4364">
        <timeSpan values="3575.00 3576.00 3577.00 3578.00 3579.00 3580.00 3581.00 3582.00 3583.00 3584.00 3585.00 3586.00"/>
        <typeSpan values="2 2 2 4 4 4 4 4 4 4 0 0"/>
        <egoPosition values="3669.58,1356.15 3656.01,1356.43 3644.67,1356.66 3636.37,1356.83 3627.32,1357.02 3618.00,1357.21 3608.22,1357.41 3597.57,1357.63 3585.75,1357.88 3572.61,1358.15 3558.85,1358.48 3542.86,1358.49"/>
        <egoVelocity values="-14.31,0.30 -13.57,0.28 -11.34,0.23 -8.31,0.17 -9.05,0.19 -9.32,0.19 -9.78,0.20 -10.66,0.22 -11.82,0.24 -13.13,0.27 -14.53,0.01 -15.99,0.01"/>
        <foePosition values="3617.89,1357.21 3617.89,1357.21 3617.89,1357.21 3617.82,1354.01 3615.37,1354.06 3611.12,1354.15 3605.06,1354.28 3596.74,1354.45 3586.60,1354.66 3574.66,1354.90 3561.22,1354.96 3545.63,1354.85"/>
        <foeVelocity values="-0.00,0.00 -0.00,0.00 -0.00,0.00 -0.00,0.00 -2.45,0.05 -4.25,0.09 -6.06,0.13 -8.31,0.17 -10.14,0.21 -11.94,0.25 -13.31,-0.10 -15.58,-0.11"/>
        <conflictPoint values="3621.39,1357.14 3621.39,1357.14 3621.39,1357.14 NA NA NA NA NA NA NA NA NA"/>
        <TTCSpan values="3.37 2.55 2.05 NA NA NA NA NA NA NA NA NA"/>
        <minTTC time="3577.00" position="3621.39,1357.14" type="2" value="2.05" speed="11.34"/>
    </conflict>
    <conflict begin="3582.00" end="3605.00" ego="4374" foe="4354">
        <timeSpan values="3582.00 3583.00 3584.00 3585.00 3586.00 3587.00 3588.00 3589.00 3590.00 3591.00 3592.00 3593.00 3594.00 3595.00 3596.00 3597.00 3598.00 3599.00 3600.00 3601.00 3602.00 3603.00 3604.00 3605.00"/>
        <typeSpan values="4 4 4 4 4 2 2 2 2 2 2 2 2 2 2 2 2 2 2 2 2 2 2 2"/>
        <egoPosition values="3688.79,1352.55 3669.64,1352.94 3652.43,1353.30 3637.47,1353.61 3625.14,1353.86 3615.77,1357.26 3605.81,1357.46 3598.87,1357.61 3591.08,1357.77 3581.95,1357.95 3571.22,1358.18 3559.32,1358.48 3544.75,1358.49 3528.13,1358.50 3509.57,1358.52 3489.17,1358.54 3467.22,1358.56 3443.98,1358.58 3420.04,1359.34 3395.76,1361.23 3371.89,1363.73 3348.50,1366.91 3325.46,1370.22 3301.94,1373.60"/>
        <egoVelocity values="-21.10,0.44 -19.15,0.40 -17.21,0.36 -14.96,0.31 -12.33,0.25 -9.44,0.19 -9.96,0.21 -6.94,0.14 -7.80,0.16 -9.13,0.19 -10.73,0.22 -12.65,0.01 -14.57,0.01 -16.62,0.01 -18.56,0.02 -20.40,0.02 -21.95,0.02 -23.24,0.02 -23.91,1.51 -24.26,2.16 -23.86,2.66 -23.38,3.36 -23.03,3.31 -23.53,3.38"/>
        <foePosition values="3642.35,1356.71 3634.92,1356.86 3628.07,1357.00 3619.09,1357.19 3609.28,1357.39 3599.21,1357.60 3592.69,1357.73 3584.49,1357.90 3574.58,1358.11 3563.58,1358.47 3549.29,1358.49 3533.18,1358.50 3514.48,1358.52 3493.99,1358.54 3471.65,1358.55 3448.43,1358.58 3424.25,1359.08 3400.65,1360.80 3377.01,1363.16 3354.74,1366.01 3332.75,1369.17 3310.82,1372.33 3287.08,1375.74 3261.15,1379.47"/>
        <foeVelocity values="-11.03,0.23 -7.43,0.15 -6.86,0.14 -8.98,0.19 -9.80,0.20 -10.07,0.21 -6.52,0.13 -8.20,0.17 -9.91,0.20 -11.76,0.01 -14.29,0.01 -16.11,0.01 -18.70,0.02 -20.48,0.02 -22.34,0.02 -23.23,0.02 -24.15,1.53 -23.57,2.10 -23.62,2.64 -22.24,3.20 -21.98,3.16 -21.93,3.15 -23.74,3.41 -25.93,3.73"/>
        <conflictPoint values="NA NA NA NA NA 3602.71,1357.53 3596.19,1357.66 3587.99,1357.83 3578.08,1358.03 3567.08,1358.47 3552.79,1358.48 3536.68,1358.50 3517.98,1358.51 3497.49,1358.53 3475.16,1358.55 3451.93,1358.57 3427.74,1358.86 3404.14,1360.49 3380.49,1362.77 3358.20,1365.52 3336.22,1368.68 3314.28,1371.83 3290.54,1375.24 3264.61,1378.97"/>
        <TTCSpan values="NA NA NA NA NA NA 2.80 NA NA NA NA NA NA NA NA NA NA NA 207.60 19.96 20.07 23.74 NA NA"/>
        <minTTC time="3588.00" position="3596.19,1357.66" type="2" value="2.80" speed="9.96"/>
    </conflict>
    <conflict begin="3567.00" end="3629.00" ego="4402" foe="4400">
        <timeSpan values="3567.00 3568.00 3569.00 3570.00 3571.00 3572.00 3573.00 3574.00 3575.00 3576.00 3577.00 3578.00 3579.00 3580.00 3581.00 3582.00 3583.00 3584.00 3585.00 3586.00 3587.00 3588.00 3589.00 3590.00 3591.00 3592.00 3593.00 3594.00 3595.00 3596.00 3597.00 3598.00 3599.00 3600.00 3601.00 3602.00 3603.00 3604.00 3605.00 3606.00 3607.00 3608.00 3609.00 3610.00 3611.00 3612.00 3613.00 3614.00 3615.00 3616.00 3617.00 3618.00 3619.00 3620.00 3621.00 3622.00 3623.00 3624.00 3625.00 3626.00 3627.00 3628.00 3629.00"/>
        <typeSpan values="4 4 4 4 4 4 4 4 4 4 2 2 2 2 18 18 18 18 4 4 4 4 4 4 4 4 4 4 4 2 2 2 2 2 2 2 2 2 2 2 2 2 2 2 4 4 2 2 2 2 2 2 2 2 2 2 2 2 2 2 2 2 18"/>
        <egoPosition values="4506.03,1098.37 4503.55,1099.14 4498.60,1100.66 4491.16,1102.96 4482.20,1109.08 4469.83,1112.89 4455.26,1117.78 4438.30,1123.62 4419.09,1130.22 4397.82,1137.54 4375.66,1145.16 4352.28,1153.20 4327.70,1161.65 4301.80,1170.56 4274.71,1179.88 4246.69,1189.46 4218.01,1199.26 4188.94,1209.20 4159.70,1219.20 4130.53,1229.18 4101.42,1239.13 4072.62,1249.41 4044.27,1259.79 4016.19,1270.07 3988.59,1280.18 3961.21,1290.21 3934.10,1300.13 3908.82,1309.39 3885.49,1318.33 3864.28,1327.98 3841.38,1334.66 3817.57,1339.36 3793.35,1343.97 3769.73,1348.22 3745.20,1350.12 3720.45,1351.34 3695.32,1352.41 3672.48,1352.89 3651.81,1353.31 3633.80,1353.68 3619.28,1353.98 3609.80,1354.18 3605.35,1354.27 3605.35,1354.27 3605.18,1357.48 3602.94,1357.52 3602.94,1357.52 3600.93,1357.56 3596.79,1357.65 3590.40,1357.78 3581.80,1357.96 3571.10,1358.18 3559.15,1358.48 3544.40,1358.49 3527.72,1358.51 3509.17,1358.52 3488.94,1358.54 3467.20,1358.56 3443.98,1358.58 3419.28,1359.39 3393.23,1361.46 3365.98,1364.40 3337.57,1368.48"/>
        <egoVelocity values="-0.00,0.00 -2.48,0.76 -4.95,1.53 -7.43,2.29 -9.91,3.06 -12.36,3.81 -14.63,5.03 -16.97,5.84 -19.21,6.61 -21.27,7.31 -22.17,7.62 -23.37,8.04 -24.58,8.45 -25.90,8.91 -27.09,9.29 -28.02,9.58 -28.68,9.81 -29.07,9.94 -29.24,10.00 -29.18,9.98 -29.11,9.95 -28.78,10.54 -28.35,10.38 -28.09,10.29 -27.60,10.11 -27.38,10.03 -27.11,9.93 -25.28,9.26 -23.25,9.11 -22.08,6.56 -22.85,5.98 -23.56,4.66 -24.02,4.33 -23.38,4.21 -24.35,1.20 -24.51,1.20 -24.78,0.51 -22.84,0.47 -20.67,0.43 -18.01,0.37 -14.51,0.30 -9.48,0.20 -4.45,0.09 -0.00,0.00 -0.24,0.00 -2.25,0.05 -0.00,0.00 -2.01,0.04 -4.15,0.09 -6.38,0.13 -8.60,0.18 -10.70,0.22 -12.71,0.01 -14.75,0.01 -16.68,0.01 -18.55,0.02 -20.23,0.02 -21.74,0.02 -23.22,0.02 -24.67,1.56 -26.03,2.32 -27.24,3.10 -28.40,4.08"/>
        <foePosition values="4490.89,1099.70 4483.17,1102.08 4473.66,1105.02 4462.25,1108.61 4449.80,1112.90 4434.95,1118.00 4418.22,1123.76 4399.31,1130.26 4379.06,1137.23 4358.35,1147.73 4335.33,1159.03 4309.65,1167.86 4281.57,1177.52 4252.23,1187.56 4223.91,1200.62 4193.80,1210.92 4165.92,1220.45 4138.78,1229.74 4112.20,1238.83 4086.53,1247.71 4060.78,1257.15 4035.04,1266.57 4010.55,1275.54 3985.64,1284.67 3961.56,1293.49 3936.84,1302.54 3912.29,1311.53 3889.34,1320.26 3864.43,1327.93 3839.29,1335.07 3813.76,1340.12 3788.08,1344.92 3764.05,1349.20 3738.09,1350.47 3712.66,1351.72 3686.24,1352.60 3662.35,1353.09 3641.58,1353.52 3624.52,1353.87 3611.51,1354.14 3602.98,1354.32 3598.96,1354.40 3598.96,1354.40 3598.96,1354.40 3598.96,1354.40 3597.28,1354.44 3593.21,1357.72 3587.40,1357.84 3579.15,1358.01 3569.31,1358.30 3558.16,1358.48 3544.76,1358.49 3529.05,1358.50 3511.60,1358.52 3492.26,1358.54 3471.58,1358.55 3449.57,1358.57 3425.76,1358.98 3399.99,1360.86 3372.68,1363.64 3344.15,1367.54 3313.21,1371.98 3281.93,1376.48"/>
        <foeVelocity values="-6.02,1.86 -7.72,2.38 -9.52,2.94 -11.25,3.71 -12.45,4.28 -14.85,5.11 -16.73,5.75 -18.92,6.51 -20.25,6.97 -21.74,7.48 -24.06,8.28 -25.68,8.83 -28.08,9.66 -29.34,10.03 -29.35,10.04 -30.11,10.30 -27.88,9.53 -27.14,9.28 -26.58,9.09 -25.64,9.39 -25.76,9.43 -25.74,9.43 -24.49,8.97 -24.91,9.12 -24.07,8.82 -24.72,9.05 -24.55,8.99 -22.87,8.96 -24.74,7.35 -25.37,5.13 -25.27,4.99 -25.45,4.59 -23.84,3.95 -25.69,1.26 -25.18,1.24 -26.14,0.54 -23.89,0.49 -20.77,0.43 -17.06,0.35 -13.02,0.27 -8.52,0.18 -4.02,0.08 -0.00,0.00 -0.00,0.00 -0.00,0.00 -1.68,0.03 -4.14,0.09 -5.81,0.12 -8.25,0.17 -10.13,0.48 -11.61,0.01 -13.41,0.01 -15.70,0.01 -17.45,0.02 -19.34,0.02 -20.68,0.02 -22.02,0.02 -23.77,1.50 -25.74,2.29 -27.29,3.05 -28.51,4.10 -30.93,4.45 -31.29,4.50"/>
        <conflictPoint values="NA NA NA NA NA NA NA NA NA NA 4338.64,1157.89 4312.96,1166.72 4284.88,1176.38 4255.54,1186.43 NA NA NA NA NA NA NA NA NA NA NA NA NA NA NA 3842.75,1334.37 3817.23,1339.43 3791.56,1344.29 3767.53,1348.62 3741.63,1350.30 3716.19,1351.55 3689.74,1352.53 3665.85,1353.02 3645.08,1353.45 3628.02,1353.80 3615.00,1354.07 3606.48,1354.25 3602.46,1354.33 3602.46,1354.33 3602.46,1354.33 NA NA 3596.71,1357.65 3590.90,1357.77 3582.65,1357.94 3572.51,1358.15 3561.66,1358.48 3548.26,1358.49 3532.55,1358.50 3515.10,1358.52 3495.76,1358.53 3475.08,1358.55 3453.07,1358.57 3429.26,1358.76 3403.47,1360.54 3376.15,1363.25 3347.61,1367.04 3316.68,1371.48 NA"/>
        <TTCSpan values="NA NA NA NA NA NA NA NA NA NA NA NA NA NA NA NA NA NA NA NA NA NA NA NA NA NA NA NA NA NA NA NA 108.29 NA NA NA 33.07 13.22 6.58 3.77 2.14 1.35 0.65 19174.98 NA NA NA NA NA NA NA NA NA NA NA NA NA NA NA NA NA NA NA"/>
        <minTTC time="3609.00" position="3602.46,1354.33" type="2" value="0.65" speed="4.46"/>
    </conflict>
    <conflict begin="3608.00" end="3618.00" ego="4402" foe="4401">
        <timeSpan values="3608.00 3609.00 3610.00 3611.00 3612.00 3613.00 3614.00 3615.00 3616.00 3617.00 3618.00"/>
        <typeSpan values="3 3 3 4 4 4 4 4 4 0 0"/>
        <egoPosition values="3609.80,1354.18 3605.35,1354.27 3605.35,1354.27 3605.18,1357.48 3602.94,1357.52 3602.94,1357.52 3600.93,1357.56 3596.79,1357.65 3590.40,1357.78 3581.80,1357.96 3571.10,1358.18"/>
        <egoVelocity values="-9.48,0.20 -4.45,0.09 -0.00,0.00 -0.24,0.00 -2.25,0.05 -0.00,0.00 -2.01,0.04 -4.15,0.09 -6.38,0.13 -8.60,0.18 -10.70,0.22"/>
        <foePosition values="3654.36,1353.26 3637.04,1353.62 3624.94,1353.87 3619.17,1353.99 3613.24,1350.91 3606.44,1351.05 3597.11,1351.24 3585.30,1351.48 3571.15,1351.77 3554.81,1351.72 3536.73,1351.59"/>
        <foeVelocity values="-20.23,0.42 -17.31,0.36 -12.11,0.25 -5.77,0.12 -5.87,0.12 -6.80,0.14 -9.33,0.19 -11.81,0.24 -14.15,0.29 -16.27,-0.12 -18.08,-0.13"/>
        <conflictPoint values="3613.30,1354.11 3608.85,1354.20 3608.85,1354.20 NA NA NA NA NA NA NA NA"/>
        <TTCSpan values="3.82 2.19 1.33 NA NA NA NA NA NA NA NA"/>
        <minTTC time="3610.00" position="3608.85,1354.20" type="3" value="1.33" speed="0.00"/>
    </conflict>
    <conflict begin="3613.00" end="3631.00" ego="4402" foe="4408">
        <timeSpan values="3613.00 3614.00 3615.00 3616.00 3617.00 3618.00 3619.00 3620.00 3621.00 3622.00 3623.00 3624.00 3625.00 3626.00 3627.00 3628.00 3629.00 3630.00 3631.00"/>
        <typeSpan values="3 3 3 3 3 3 3 3 3 3 3 3 3 3 3 3 3 3 3"/>
        <egoPosition values="3602.94,1357.52 3600.93,1357.56 3596.79,1357.65 3590.40,1357.78 3581.80,1357.96 3571.10,1358.18 3559.15,1358.48 3544.40,1358.49 3527.72,1358.51 3509.17,1358.52 3488.94,1358.54 3467.20,1358.56 3443.98,1358.58 3419.28,1359.39 3393.23,1361.46 3365.98,1364.40 3337.57,1368.48 3308.19,1372.70 3277.61,1377.10"/>
        <egoVelocity values="-0.00,0.00 -2.01,0.04 -4.15,0.09 -6.38,0.13 -8.60,0.18 -10.70,0.22 -12.71,0.01 -14.75,0.01 -16.68,0.01 -18.55,0.02 -20.23,0.02 -21.74,0.02 -23.22,0.02 -24.67,1.56 -26.03,2.32 -27.24,3.10 -28.40,4.08 -29.38,4.22 -30.59,4.40"/>
        <foePosition values="3656.28,1356.42 3639.57,1356.77 3627.36,1357.02 3615.24,1357.27 3604.30,1357.49 3594.10,1357.70 3581.71,1357.96 3568.92,1358.34 3554.78,1358.48 3537.87,1358.50 3519.71,1358.51 3499.45,1358.53 3477.07,1358.55 3453.66,1358.57 3429.33,1358.76 3403.59,1360.53 3376.94,1363.17 3349.06,1366.83 3318.90,1371.16"/>
        <foeVelocity values="-14.91,0.31 -16.71,0.34 -12.21,0.25 -12.12,0.25 -10.94,0.23 -10.20,0.21 -12.39,0.26 -13.17,0.75 -14.51,0.01 -16.91,0.01 -18.16,0.02 -20.26,0.02 -22.37,0.02 -23.41,0.02 -24.30,1.17 -25.70,2.29 -26.62,2.97 -27.84,4.00 -30.16,4.34"/>
        <conflictPoint values="3606.44,1357.45 3604.43,1357.49 3600.28,1357.58 3593.90,1357.71 3585.30,1357.89 3574.60,1358.11 3562.65,1358.47 3547.90,1358.49 3531.22,1358.50 3512.67,1358.52 3492.44,1358.54 3470.70,1358.56 3447.48,1358.58 3422.78,1359.17 3396.71,1361.15 3369.45,1364.00 3341.04,1367.98 3311.66,1372.21 3281.07,1376.60"/>
        <TTCSpan values="3.34 2.39 3.36 3.72 8.14 NA NA NA NA NA NA NA NA NA NA NA NA NA NA"/>
        <minTTC time="3614.00" position="3604.43,1357.49" type="3" value="2.39" speed="2.01"/>
    </conflict>
    <conflict begin="3672.00" end="3710.00" ego="4550" foe="4540">
        <timeSpan values="3672.00 3673.00 3674.00 3675.00 3676.00 3677.00 3678.00 3679.00 3680.00 3681.00 3682.00 3683.00 3684.00 3685.00 3686.00 3687.00 3688.00 3689.00 3690.00 3691.00 3692.00 3693.00 3694.00 3695.00 3696.00 3697.00 3698.00 3699.00 3700.00 3701.00 3702.00 3703.00 3704.00 3705.00 3706.00 3707.00 3708.00 3709.00 3710.00"/>
        <typeSpan values="4 4 4 4 4 4 4 4 4 4 4 4 4 4 4 4 4 4 4 4 4 4 4 4 4 2 18 2 2 2 2 4 4 4 4 4 4 0 0"/>
        <egoPosition values="4278.03,1182.12 4263.53,1187.07 4247.10,1192.69 4228.56,1199.03 4208.00,1206.06 4189.80,1212.29 4169.71,1219.16 4151.13,1225.51 4132.39,1231.92 4112.60,1238.69 4091.43,1245.93 4069.68,1253.89 4047.12,1262.15 4026.65,1269.65 4005.91,1277.24 3984.80,1284.98 3966.99,1291.50 3947.73,1298.55 3927.56,1305.94 3907.04,1313.45 3886.99,1321.18 3866.71,1327.26 3847.24,1333.04 3828.47,1337.21 3810.63,1340.74 3791.86,1340.98 3771.52,1344.65 3749.15,1346.73 3725.79,1347.87 3703.68,1348.96 3685.39,1349.42 3672.27,1349.69 3656.63,1350.01 3638.53,1350.38 3618.09,1350.81 3595.46,1351.27 3571.01,1351.78 3544.93,1351.65 3517.94,1351.45"/>
        <egoVelocity values="-15.92,5.47 -14.49,4.96 -16.43,5.62 -18.54,6.34 -20.56,7.03 -18.20,6.22 -20.09,6.87 -18.59,6.36 -18.74,6.41 -19.79,6.77 -21.16,7.24 -21.88,8.02 -22.57,8.26 -20.47,7.50 -20.74,7.59 -21.11,7.73 -17.81,6.52 -19.26,7.05 -20.17,7.39 -20.51,7.51 -20.00,7.84 -20.09,5.97 -19.27,5.72 -18.68,3.69 -17.65,3.49 -17.99,3.25 -20.24,3.65 -22.36,1.10 -23.24,1.14 -22.00,1.08 -18.20,0.38 -13.12,0.27 -15.65,0.32 -18.10,0.37 -20.44,0.42 -22.63,0.47 -24.45,0.50 -26.01,-0.19 -26.99,-0.20"/>
