<?xml version="1.0" encoding="UTF-8"?>

<!-- generated on 2023-08-31 15:04:15 by Eclipse SUMO GUI Version 1.18.0
<configuration xmlns:xsi="http://www.w3.org/2001/XMLSchema-instance" xsi:noNamespaceSchemaLocation="http://sumo.dlr.de/xsd/sumoConfiguration.xsd">

    <input>
        <net-file value="D:\project\python\ucd\RLlib_test\sumo-rl-VSL12.1.7\nets\ramp_VSL\map.net.xml"/>
        <route-files value="D:\project\python\ucd\RLlib_test\sumo-rl-VSL12.1.7\nets\ramp_VSL\fcd.rou.xml"/>
        <additional-files value="D:\project\python\ucd\RLlib_test\sumo-rl-VSL12.1.7\nets\ramp_VSL\e1.add.xml"/>
    </input>

    <output>
        <emission-output value="D:\project\python\ucd\RLlib_test\sumo-rl-VSL12.1.7\nets\ramp_VSL\output/CO2emission.xml"/>
        <summary-output value="D:\project\python\ucd\RLlib_test\sumo-rl-VSL12.1.7\nets\ramp_VSL\output/summary.xml"/>
        <tripinfo-output value="D:\project\python\ucd\RLlib_test\sumo-rl-VSL12.1.7\nets\ramp_VSL\output/tripinfo.xml"/>
    </output>

    <time>
        <begin value="3000"/>
        <end value="5400"/>
    </time>

    <gui_only>
        <gui-settings-file value="D:\project\python\ucd\RLlib_test\sumo-rl-VSL12.1.7\nets\ramp_VSL\gui.settings.xml"/>
        <quit-on-end value="false"/>
    </gui_only>

</configuration>
-->

<SSMLog>
    <conflict begin="3153.00" end="3163.00" ego="3864" foe="3851">
        <timeSpan values="3153.00 3154.00 3155.00 3156.00 3157.00 3158.00 3159.00 3160.00 3161.00 3162.00 3163.00"/>
        <typeSpan values="4 3 3 3 3 3 4 4 4 0 0"/>
        <egoPosition values="3679.75,1355.94 3657.67,1356.39 3637.87,1356.80 3622.57,1357.12 3608.28,1357.41 3598.48,1357.61 3593.12,1354.52 3586.49,1354.66 3578.44,1354.83 3568.84,1355.00 3557.80,1354.94"/>
        <egoVelocity values="-24.06,0.50 -22.08,0.46 -19.80,0.41 -15.30,0.32 -14.29,0.29 -9.80,0.20 -5.30,0.11 -6.63,0.14 -8.05,0.17 -9.53,0.17 -10.98,-0.08"/>
        <foePosition values="3702.24,1352.23 3682.49,1355.88 3663.04,1356.28 3644.92,1356.66 3631.30,1356.94 3617.69,1357.22 3608.57,1357.41 3598.01,1357.62 3585.62,1357.88 3571.51,1358.17 3555.88,1358.48"/>
        <foeVelocity values="-24.13,1.15 -19.66,0.41 -19.45,0.40 -18.12,0.37 -13.62,0.28 -13.62,0.28 -9.12,0.19 -10.56,0.22 -12.39,0.26 -14.12,0.29 -16.38,0.01"/>
        <conflictPoint values="NA 3665.67,1356.23 3645.87,1356.64 3630.57,1356.95 3616.28,1357.25 3606.48,1357.45 NA NA NA NA NA"/>
        <TTCSpan values="NA NA NA 5.09 NA 2.93 NA NA NA NA NA"/>
        <minTTC time="3158.00" position="3606.48,1357.45" type="3" value="2.93" speed="9.80"/>
    </conflict>
    <conflict begin="3155.00" end="3162.00" ego="3864" foe="3833">
        <timeSpan values="3155.00 3156.00 3157.00 3158.00 3159.00 3160.00 3161.00 3162.00"/>
        <typeSpan values="2 2 2 18 18 18 18 18"/>
        <egoPosition values="3637.87,1356.80 3622.57,1357.12 3608.28,1357.41 3598.48,1357.61 3593.12,1354.52 3586.49,1354.66 3578.44,1354.83 3568.84,1355.00"/>
        <egoVelocity values="-19.80,0.41 -15.30,0.32 -14.29,0.29 -9.80,0.20 -5.30,0.11 -6.63,0.14 -8.05,0.17 -9.53,0.17"/>
        <foePosition values="3587.80,1357.83 3582.35,1357.95 3575.17,1358.09 3566.64,1358.47 3554.78,1358.48 3541.20,1358.49 3525.07,1358.51 3506.96,1358.52"/>
        <foeVelocity values="-3.55,0.07 -5.45,0.11 -7.17,0.15 -9.28,0.61 -11.85,0.01 -13.58,0.01 -16.14,0.01 -18.11,0.02"/>
        <conflictPoint values="3591.30,1357.76 3585.84,1357.87 3578.67,1358.02 NA NA NA NA NA"/>
        <TTCSpan values="2.87 3.73 4.16 NA NA NA NA NA"/>
        <minTTC time="3155.00" position="3591.30,1357.76" type="2" value="2.87" speed="19.80"/>
    </conflict>
    <conflict begin="3704.00" end="3731.00" ego="4609" foe="4608">
        <timeSpan values="3704.00 3705.00 3706.00 3707.00 3708.00 3709.00 3710.00 3711.00 3712.00 3713.00 3714.00 3715.00 3716.00 3717.00 3718.00 3719.00 3720.00 3721.00 3722.00 3723.00 3724.00 3725.00 3726.00 3727.00 3728.00 3729.00 3730.00 3731.00"/>
        <typeSpan values="2 2 2 2 2 2 2 2 2 2 2 2 2 2 2 2 2 2 2 2 2 2 2 4 4 4 0 0"/>
        <egoPosition values="3730.30,1354.00 3713.29,1355.00 3700.78,1355.57 3692.04,1355.68 3687.74,1355.77 3686.13,1355.80 3684.53,1355.84 3682.92,1355.87 3680.88,1355.91 3680.77,1355.92 3678.87,1355.95 3676.93,1355.99 3675.79,1356.02 3674.21,1356.05 3671.45,1356.11 3667.30,1356.19 3663.46,1356.27 3659.62,1356.35 3655.78,1356.43 3651.95,1356.51 3648.11,1356.59 3642.63,1356.70 3636.99,1356.82 3633.29,1356.90 3631.86,1356.92 3631.86,1356.92 3631.86,1356.92 3631.86,1356.92"/>
        <egoVelocity values="-21.53,0.28 -17.00,1.01 -12.52,0.47 -8.75,0.16 -4.29,0.09 -1.61,0.03 -1.61,0.03 -1.61,0.03 -2.04,0.04 -0.11,0.00 -1.90,0.04 -1.94,0.04 -1.14,0.02 -1.58,0.03 -2.76,0.06 -4.15,0.09 -3.84,0.08 -3.84,0.08 -3.84,0.08 -3.84,0.08 -3.84,0.08 -5.48,0.11 -5.64,0.12 -3.70,0.08 -1.44,0.03 -0.00,0.00 -0.00,0.00 -0.00,0.00"/>
        <foePosition values="3673.99,1356.06 3669.86,1356.14 3669.86,1356.14 3667.99,1356.18 3666.11,1356.22 3664.24,1356.26 3664.24,1356.26 3664.24,1356.26 3662.27,1356.30 3660.30,1356.34 3658.33,1356.38 3656.36,1356.42 3654.39,1356.46 3650.31,1356.54 3643.99,1356.67 3635.21,1356.86 3624.24,1357.08 3617.01,1357.23 3609.72,1357.38 3606.81,1357.44 3606.81,1357.44 3605.83,1357.46 3602.43,1357.53 3596.51,1354.45 3588.08,1354.63 3577.07,1354.85 3563.41,1354.98 3547.42,1354.86"/>
        <foeVelocity values="-7.91,0.16 -4.13,0.09 -0.00,0.00 -1.87,0.04 -1.87,0.04 -1.87,0.04 -0.00,0.00 -0.00,0.00 -1.97,0.04 -1.97,0.04 -1.97,0.04 -1.97,0.04 -1.97,0.04 -4.08,0.08 -6.32,0.13 -8.79,0.18 -10.96,0.23 -7.23,0.15 -7.29,0.15 -2.91,0.06 -0.00,0.00 -0.98,0.02 -3.40,0.07 -5.84,0.12 -8.43,0.17 -11.01,0.23 -13.54,0.02 -15.98,-0.12"/>
        <conflictPoint values="3681.99,1355.89 3677.86,1355.98 3677.86,1355.98 3675.98,1356.01 3674.11,1356.05 3672.24,1356.09 3672.24,1356.09 3672.24,1356.09 3670.27,1356.13 3668.30,1356.17 3666.33,1356.21 3664.36,1356.25 3662.39,1356.29 3658.31,1356.38 3651.99,1356.51 3643.21,1356.69 3632.24,1356.92 3625.01,1357.07 3617.72,1357.22 3614.81,1357.28 3614.81,1357.28 3613.83,1357.30 3610.42,1357.37 NA NA NA NA NA"/>
        <TTCSpan values="3.55 2.75 1.83 2.34 5.64 NA 7.64 6.64 148.00 NA NA NA NA NA NA NA NA NA NA 40.10 8.67 6.40 11.88 NA NA NA NA NA"/>
        <minTTC time="3706.00" position="3677.86,1355.98" type="2" value="1.83" speed="12.53"/>
    </conflict>
    <conflict begin="3704.00" end="3744.00" ego="4609" foe="4534">
        <timeSpan values="3704.00 3705.00 3706.00 3707.00 3708.00 3709.00 3710.00 3711.00 3712.00 3713.00 3714.00 3715.00 3716.00 3717.00 3718.00 3719.00 3720.00 3721.00 3722.00 3723.00 3724.00 3725.00 3726.00 3727.00 3728.00 3729.00 3730.00 3731.00 3732.00 3733.00 3734.00 3735.00 3736.00 3737.00 3738.00 3739.00 3740.00 3741.00 3742.00 3743.00 3744.00"/>
        <typeSpan values="4 2 2 2 2 2 2 2 2 2 2 2 2 2 2 2 2 2 2 2 2 2 2 2 2 2 2 2 2 2 2 2 2 2 4 4 4 4 4 0 0"/>
        <egoPosition values="3730.30,1354.00 3713.29,1355.00 3700.78,1355.57 3692.04,1355.68 3687.74,1355.77 3686.13,1355.80 3684.53,1355.84 3682.92,1355.87 3680.88,1355.91 3680.77,1355.92 3678.87,1355.95 3676.93,1355.99 3675.79,1356.02 3674.21,1356.05 3671.45,1356.11 3667.30,1356.19 3663.46,1356.27 3659.62,1356.35 3655.78,1356.43 3651.95,1356.51 3648.11,1356.59 3642.63,1356.70 3636.99,1356.82 3633.29,1356.90 3631.86,1356.92 3631.86,1356.92 3631.86,1356.92 3631.86,1356.92 3631.86,1356.92 3631.86,1356.92 3631.86,1356.92 3631.86,1356.92 3630.34,1356.96 3626.44,1357.04 3620.08,1353.97 3611.27,1354.15 3600.24,1354.38 3586.98,1354.65 3571.83,1354.96 3554.54,1354.92 3535.26,1354.78"/>
        <egoVelocity values="-21.53,0.28 -17.00,1.01 -12.52,0.47 -8.75,0.16 -4.29,0.09 -1.61,0.03 -1.61,0.03 -1.61,0.03 -2.04,0.04 -0.11,0.00 -1.90,0.04 -1.94,0.04 -1.14,0.02 -1.58,0.03 -2.76,0.06 -4.15,0.09 -3.84,0.08 -3.84,0.08 -3.84,0.08 -3.84,0.08 -3.84,0.08 -5.48,0.11 -5.64,0.12 -3.70,0.08 -1.44,0.03 -0.00,0.00 -0.00,0.00 -0.00,0.00 -0.00,0.00 -0.00,0.00 -0.00,0.00 -0.00,0.00 -1.52,0.03 -3.90,0.08 -6.29,0.13 -8.81,0.18 -11.03,0.23 -13.26,0.27 -15.16,0.31 -17.15,-0.13 -19.27,-0.14"/>
        <foePosition values="3681.63,1352.70 3681.70,1355.90 3681.70,1355.90 3681.70,1355.90 3679.99,1355.93 3677.54,1355.98 3675.15,1356.03 3674.85,1356.04 3674.76,1356.04 3672.78,1356.08 3670.90,1356.12 3669.51,1356.15 3667.86,1356.18 3665.42,1356.23 3661.28,1356.32 3657.13,1356.40 3651.55,1356.52 3643.67,1356.68 3635.80,1356.84 3630.37,1356.96 3626.98,1357.03 3623.58,1357.10 3623.58,1357.10 3623.58,1357.10 3623.58,1357.10 3623.31,1357.10 3621.91,1357.13 3621.91,1357.13 3621.52,1357.14 3620.28,1357.16 3616.92,1357.23 3611.51,1357.34 3605.01,1357.48 3603.01,1357.52 3600.06,1357.58 3596.00,1357.66 3589.88,1357.79 3581.52,1357.96 3570.69,1358.19 3559.03,1358.48 3545.25,1358.49"/>
        <foeVelocity values="-1.28,0.03 -0.00,0.00 -0.00,0.00 -0.00,0.00 -1.71,0.04 -2.45,0.05 -2.39,0.05 -0.30,0.01 -0.09,0.00 -1.98,0.04 -1.88,0.04 -1.39,0.03 -1.64,0.03 -2.44,0.05 -4.15,0.09 -4.15,0.09 -5.58,0.12 -7.88,0.16 -7.88,0.16 -5.43,0.11 -3.39,0.07 -3.39,0.07 -0.00,0.00 -0.00,0.00 -0.00,0.00 -0.27,0.01 -1.40,0.03 -0.00,0.00 -0.39,0.01 -1.25,0.03 -3.36,0.07 -5.41,0.11 -6.50,0.13 -2.00,0.04 -2.94,0.06 -4.06,0.08 -6.12,0.13 -8.35,0.17 -10.84,0.22 -12.41,0.01 -13.78,0.01"/>
        <conflictPoint values="NA 3685.20,1355.82 3685.20,1355.82 3685.20,1355.82 3683.49,1355.86 3681.04,1355.91 3678.65,1355.96 3678.35,1355.97 3678.26,1355.97 3676.28,1356.01 3674.40,1356.05 3673.01,1356.08 3671.36,1356.11 3668.92,1356.16 3664.78,1356.25 3660.63,1356.33 3655.05,1356.45 3647.17,1356.61 3639.30,1356.77 3633.87,1356.88 3630.48,1356.95 3627.08,1357.02 3627.08,1357.02 3627.08,1357.02 3627.08,1357.02 3626.81,1357.03 3625.41,1357.06 3625.41,1357.06 3625.02,1357.07 3623.77,1357.09 3620.42,1357.16 3615.01,1357.27 3608.51,1357.41 3606.51,1357.45 NA NA NA NA NA NA NA"/>
        <TTCSpan values="NA 1.65 1.24 0.78 1.65 NA NA 3.48 1.34 NA 276.04 7.17 NA NA NA 4110.37 NA NA NA NA 39.50 7.45 1.76 1.68 3.33 NA NA NA NA NA NA NA NA 10.52 NA NA NA NA NA NA NA"/>
        <minTTC time="3707.00" position="3685.20,1355.82" type="2" value="0.78" speed="8.75"/>
    </conflict>
    <conflict begin="3705.00" end="3747.00" ego="4609" foe="4616">
        <timeSpan values="3705.00 3706.00 3707.00 3708.00 3709.00 3710.00 3711.00 3712.00 3713.00 3714.00 3715.00 3716.00 3717.00 3718.00 3719.00 3720.00 3721.00 3722.00 3723.00 3724.00 3725.00 3726.00 3727.00 3728.00 3729.00 3730.00 3731.00 3732.00 3733.00 3734.00 3735.00 3736.00 3737.00 3738.00 3739.00 3740.00 3741.00 3742.00 3743.00 3744.00 3745.00 3746.00 3747.00"/>
        <typeSpan values="3 3 3 3 3 3 3 3 3 3 3 3 3 3 3 3 3 3 3 3 3 3 3 3 3 3 3 3 3 3 3 3 3 4 4 4 3 3 18 18 18 18 18"/>
        <egoPosition values="3713.29,1355.00 3700.78,1355.57 3692.04,1355.68 3687.74,1355.77 3686.13,1355.80 3684.53,1355.84 3682.92,1355.87 3680.88,1355.91 3680.77,1355.92 3678.87,1355.95 3676.93,1355.99 3675.79,1356.02 3674.21,1356.05 3671.45,1356.11 3667.30,1356.19 3663.46,1356.27 3659.62,1356.35 3655.78,1356.43 3651.95,1356.51 3648.11,1356.59 3642.63,1356.70 3636.99,1356.82 3633.29,1356.90 3631.86,1356.92 3631.86,1356.92 3631.86,1356.92 3631.86,1356.92 3631.86,1356.92 3631.86,1356.92 3631.86,1356.92 3631.86,1356.92 3630.34,1356.96 3626.44,1357.04 3620.08,1353.97 3611.27,1354.15 3600.24,1354.38 3586.98,1354.65 3571.83,1354.96 3554.54,1354.92 3535.26,1354.78 3514.25,1354.62 3492.85,1354.47 3471.14,1354.31"/>
        <egoVelocity values="-17.00,1.01 -12.52,0.47 -8.75,0.16 -4.29,0.09 -1.61,0.03 -1.61,0.03 -1.61,0.03 -2.04,0.04 -0.11,0.00 -1.90,0.04 -1.94,0.04 -1.14,0.02 -1.58,0.03 -2.76,0.06 -4.15,0.09 -3.84,0.08 -3.84,0.08 -3.84,0.08 -3.84,0.08 -3.84,0.08 -5.48,0.11 -5.64,0.12 -3.70,0.08 -1.44,0.03 -0.00,0.00 -0.00,0.00 -0.00,0.00 -0.00,0.00 -0.00,0.00 -0.00,0.00 -0.00,0.00 -1.52,0.03 -3.90,0.08 -6.29,0.13 -8.81,0.18 -11.03,0.23 -13.26,0.27 -15.16,0.31 -17.15,-0.13 -19.27,-0.14 -21.01,-0.15 -21.39,-0.16 -21.70,-0.16"/>
        <foePosition values="3763.57,1353.76 3742.81,1353.87 3725.91,1354.26 3712.08,1355.08 3703.86,1355.56 3699.74,1355.53 3696.62,1355.59 3694.21,1355.64 3691.76,1355.69 3691.49,1355.69 3689.91,1355.73 3687.74,1355.77 3686.47,1355.80 3685.20,1355.82 3682.66,1355.88 3680.12,1355.93 3676.02,1356.01 3671.37,1356.11 3666.94,1356.20 3662.77,1356.29 3658.76,1356.37 3653.73,1356.47 3648.06,1356.59 3644.05,1356.67 3642.54,1356.70 3642.50,1356.71 3642.41,1356.71 3642.41,1356.71 3642.41,1356.71 3642.41,1356.71 3642.41,1356.71 3642.41,1356.71 3642.41,1356.71 3642.41,1356.71 3641.13,1356.73 3638.21,1356.79 3633.38,1353.69 3626.04,1353.84 3616.12,1354.05 3603.66,1354.31 3588.72,1354.61 3571.41,1354.97 3551.79,1354.90"/>
        <foeVelocity values="-25.28,0.13 -20.76,0.11 -16.88,1.00 -13.83,0.82 -8.22,0.49 -4.13,-0.08 -3.12,0.05 -2.41,0.05 -2.45,0.05 -0.27,0.01 -1.58,0.03 -2.17,0.04 -1.27,0.03 -1.27,0.03 -2.54,0.05 -2.54,0.05 -4.10,0.08 -4.65,0.10 -4.43,0.09 -4.17,0.09 -4.01,0.08 -5.03,0.10 -5.67,0.12 -4.00,0.08 -1.51,0.03 -0.04,0.00 -0.08,0.00 -0.00,0.00 -0.00,0.00 -0.00,0.00 -0.00,0.00 -0.00,0.00 -0.00,0.00 -0.00,0.00 -1.29,0.03 -2.92,0.06 -4.76,0.10 -7.34,0.15 -9.92,0.20 -12.46,0.26 -14.94,0.31 -17.31,0.36 -19.49,-0.14"/>
        <conflictPoint values="3721.28,1354.53 3708.77,1355.27 3700.03,1355.54 3695.74,1355.61 3694.13,1355.64 3692.52,1355.67 3690.91,1355.71 3688.87,1355.75 3688.76,1355.75 3686.86,1355.79 3684.93,1355.83 3683.78,1355.85 3682.21,1355.89 3679.45,1355.94 3675.30,1356.03 3671.46,1356.11 3667.62,1356.19 3663.78,1356.27 3659.94,1356.35 3656.10,1356.42 3650.63,1356.54 3644.99,1356.65 3641.29,1356.73 3639.85,1356.76 3639.85,1356.76 3639.85,1356.76 3639.85,1356.76 3639.85,1356.76 3639.85,1356.76 3639.85,1356.76 3639.85,1356.76 3638.34,1356.79 3634.44,1356.87 NA NA NA 3594.98,1354.48 3579.82,1354.80 NA NA NA NA NA"/>
        <TTCSpan values="5.13 4.14 3.18 1.71 1.47 2.86 3.78 14.47 1.28 NA NA 3.85 NA NA NA NA 31.68 9.35 11.80 20.30 NA NA 3.42 1.63 1.77 64.21 30.92 NA NA NA NA NA NA NA NA NA NA NA NA NA NA NA NA"/>
        <minTTC time="3713.00" position="3688.76,1355.75" type="3" value="1.28" speed="0.11"/>
    </conflict>
    <conflict begin="3708.00" end="3742.00" ego="4609" foe="4620">
        <timeSpan values="3708.00 3709.00 3710.00 3711.00 3712.00 3713.00 3714.00 3715.00 3716.00 3717.00 3718.00 3719.00 3720.00 3721.00 3722.00 3723.00 3724.00 3725.00 3726.00 3727.00 3728.00 3729.00 3730.00 3731.00 3732.00 3733.00 3734.00 3735.00 3736.00 3737.00 3738.00 3739.00 3740.00 3741.00 3742.00"/>
        <typeSpan values="3 3 3 3 3 3 3 3 3 3 3 3 3 3 3 3 3 3 3 3 3 3 3 3 3 3 3 3 3 3 4 4 4 0 0"/>
        <egoPosition values="3687.74,1355.77 3686.13,1355.80 3684.53,1355.84 3682.92,1355.87 3680.88,1355.91 3680.77,1355.92 3678.87,1355.95 3676.93,1355.99 3675.79,1356.02 3674.21,1356.05 3671.45,1356.11 3667.30,1356.19 3663.46,1356.27 3659.62,1356.35 3655.78,1356.43 3651.95,1356.51 3648.11,1356.59 3642.63,1356.70 3636.99,1356.82 3633.29,1356.90 3631.86,1356.92 3631.86,1356.92 3631.86,1356.92 3631.86,1356.92 3631.86,1356.92 3631.86,1356.92 3631.86,1356.92 3631.86,1356.92 3630.34,1356.96 3626.44,1357.04 3620.08,1353.97 3611.27,1354.15 3600.24,1354.38 3586.98,1354.65 3571.83,1354.96"/>
        <egoVelocity values="-4.29,0.09 -1.61,0.03 -1.61,0.03 -1.61,0.03 -2.04,0.04 -0.11,0.00 -1.90,0.04 -1.94,0.04 -1.14,0.02 -1.58,0.03 -2.76,0.06 -4.15,0.09 -3.84,0.08 -3.84,0.08 -3.84,0.08 -3.84,0.08 -3.84,0.08 -5.48,0.11 -5.64,0.12 -3.70,0.08 -1.44,0.03 -0.00,0.00 -0.00,0.00 -0.00,0.00 -0.00,0.00 -0.00,0.00 -0.00,0.00 -0.00,0.00 -1.52,0.03 -3.90,0.08 -6.29,0.13 -8.81,0.18 -11.03,0.23 -13.26,0.27 -15.16,0.31"/>
        <foePosition values="3741.05,1353.88 3724.50,1354.34 3713.62,1354.99 3707.80,1355.33 3703.69,1355.57 3700.75,1355.57 3698.02,1355.56 3697.63,1355.57 3696.23,1355.60 3694.05,1355.64 3692.64,1355.67 3691.28,1355.70 3688.99,1355.75 3686.71,1355.79 3683.04,1355.87 3678.33,1355.97 3673.49,1356.07 3669.04,1356.16 3664.88,1356.24 3660.72,1356.33 3655.31,1356.44 3650.68,1356.54 3648.90,1356.57 3648.73,1356.58 3648.56,1356.58 3648.56,1356.58 3648.56,1356.58 3648.56,1356.58 3648.56,1356.58 3648.56,1356.58 3648.56,1356.58 3648.56,1356.58 3648.56,1356.58 3648.56,1356.58 3648.41,1356.58"/>
        <foeVelocity values="-20.65,0.11 -16.54,0.98 -10.88,0.64 -5.81,0.34 -4.11,0.24 -2.94,0.02 -2.73,-0.06 -0.39,-0.00 -1.41,0.03 -2.18,0.04 -1.41,0.03 -1.37,0.03 -2.28,0.05 -2.28,0.05 -3.67,0.08 -4.70,0.10 -4.84,0.10 -4.46,0.09 -4.16,0.09 -4.16,0.09 -5.41,0.11 -4.63,0.10 -1.78,0.04 -0.17,0.00 -0.17,0.00 -0.00,0.00 -0.00,0.00 -0.00,0.00 -0.00,0.00 -0.00,0.00 -0.00,0.00 -0.00,0.00 -0.00,0.00 -0.00,0.00 -0.16,0.00"/>
        <conflictPoint values="3695.74,1355.61 3694.13,1355.64 3692.52,1355.67 3690.91,1355.71 3688.87,1355.75 3688.76,1355.75 3686.86,1355.79 3684.93,1355.83 3683.78,1355.85 3682.21,1355.89 3679.45,1355.94 3675.30,1356.03 3671.46,1356.11 3667.62,1356.19 3663.78,1356.27 3659.94,1356.35 3656.10,1356.42 3650.63,1356.54 3644.99,1356.65 3641.29,1356.73 3639.85,1356.76 3639.85,1356.76 3639.85,1356.76 3639.85,1356.76 3639.85,1356.76 3639.85,1356.76 3639.85,1356.76 3639.85,1356.76 3638.34,1356.79 3634.44,1356.87 NA NA NA NA NA"/>
        <TTCSpan values="2.77 2.03 2.27 4.01 7.13 4.23 13.47 NA 47.56 19.69 NA NA NA NA NA 21.26 17.37 NA NA 42.17 3.89 2.34 5.09 52.60 51.60 NA NA NA NA NA NA NA NA NA NA"/>
        <minTTC time="3709.00" position="3694.13,1355.64" type="3" value="2.03" speed="1.61"/>
    </conflict>
    <conflict begin="3712.00" end="3743.00" ego="4609" foe="4625">
        <timeSpan values="3712.00 3713.00 3714.00 3715.00 3716.00 3717.00 3718.00 3719.00 3720.00 3721.00 3722.00 3723.00 3724.00 3725.00 3726.00 3727.00 3728.00 3729.00 3730.00 3731.00 3732.00 3733.00 3734.00 3735.00 3736.00 3737.00 3738.00 3739.00 3740.00 3741.00 3742.00 3743.00"/>
        <typeSpan values="3 3 3 3 3 3 3 3 3 3 3 3 3 3 3 3 3 3 3 3 4 4 4 4 4 4 3 4 4 4 0 0"/>
        <egoPosition values="3680.88,1355.91 3680.77,1355.92 3678.87,1355.95 3676.93,1355.99 3675.79,1356.02 3674.21,1356.05 3671.45,1356.11 3667.30,1356.19 3663.46,1356.27 3659.62,1356.35 3655.78,1356.43 3651.95,1356.51 3648.11,1356.59 3642.63,1356.70 3636.99,1356.82 3633.29,1356.90 3631.86,1356.92 3631.86,1356.92 3631.86,1356.92 3631.86,1356.92 3631.86,1356.92 3631.86,1356.92 3631.86,1356.92 3631.86,1356.92 3630.34,1356.96 3626.44,1357.04 3620.08,1353.97 3611.27,1354.15 3600.24,1354.38 3586.98,1354.65 3571.83,1354.96 3554.54,1354.92"/>
        <egoVelocity values="-2.04,0.04 -0.11,0.00 -1.90,0.04 -1.94,0.04 -1.14,0.02 -1.58,0.03 -2.76,0.06 -4.15,0.09 -3.84,0.08 -3.84,0.08 -3.84,0.08 -3.84,0.08 -3.84,0.08 -5.48,0.11 -5.64,0.12 -3.70,0.08 -1.44,0.03 -0.00,0.00 -0.00,0.00 -0.00,0.00 -0.00,0.00 -0.00,0.00 -0.00,0.00 -0.00,0.00 -1.52,0.03 -3.90,0.08 -6.29,0.13 -8.81,0.18 -11.03,0.23 -13.26,0.27 -15.16,0.31 -17.15,-0.13"/>
        <foePosition values="3732.57,1353.92 3721.43,1354.52 3713.64,1354.98 3707.86,1355.33 3705.71,1355.45 3703.26,1355.60 3700.57,1355.55 3698.93,1355.54 3697.41,1355.57 3695.22,1355.62 3692.82,1355.67 3689.47,1355.74 3685.05,1355.83 3680.05,1355.93 3675.31,1356.03 3670.99,1356.12 3666.77,1356.20 3661.72,1356.31 3656.88,1356.41 3655.04,1356.45 3654.78,1353.25 3652.37,1353.30 3649.80,1353.35 3649.21,1353.37 3648.82,1353.37 3648.64,1353.38 3648.55,1353.38 3648.45,1350.18 3645.88,1350.23 3640.72,1350.34 3632.98,1350.50 3622.67,1350.71"/>
        <foeVelocity values="-15.16,0.08 -11.14,0.66 -7.79,0.46 -5.78,0.34 -2.15,0.13 -2.45,0.15 -2.69,0.00 -1.65,-0.04 -1.52,-0.00 -2.19,0.05 -2.39,0.05 -3.35,0.07 -4.42,0.09 -5.00,0.10 -4.74,0.10 -4.32,0.09 -4.22,0.09 -5.05,0.10 -4.84,0.10 -1.84,0.04 -0.19,0.00 -2.41,0.05 -2.57,0.05 -0.59,0.01 -0.39,0.01 -0.18,0.00 -0.09,0.00 -0.04,0.00 -2.57,0.05 -5.15,0.11 -7.74,0.16 -10.31,0.21"/>
        <conflictPoint values="3688.87,1355.75 3688.76,1355.75 3686.86,1355.79 3684.93,1355.83 3683.78,1355.85 3682.21,1355.89 3679.45,1355.94 3675.30,1356.03 3671.46,1356.11 3667.62,1356.19 3663.78,1356.27 3659.94,1356.35 3656.10,1356.42 3650.63,1356.54 3644.99,1356.65 3641.29,1356.73 3639.85,1356.76 3639.85,1356.76 3639.85,1356.76 3639.85,1356.76 NA NA NA NA NA NA 3628.08,1353.80 NA NA NA NA NA"/>
        <TTCSpan values="3.33 2.96 4.53 5.96 21.82 24.00 NA NA NA NA NA NA 49.79 NA NA 47.52 9.66 4.33 3.52 8.23 NA NA NA NA NA NA NA NA NA NA NA NA"/>
        <minTTC time="3713.00" position="3688.76,1355.75" type="3" value="2.96" speed="0.11"/>
    </conflict>
    <conflict begin="3723.00" end="3748.00" ego="4653" foe="4645">
        <timeSpan values="3723.00 3724.00 3725.00 3726.00 3727.00 3728.00 3729.00 3730.00 3731.00 3732.00 3733.00 3734.00 3735.00 3736.00 3737.00 3738.00 3739.00 3740.00 3741.00 3742.00 3743.00 3744.00 3745.00 3746.00 3747.00 3748.00"/>
        <typeSpan values="2 2 2 2 2 2 2 2 2 4 4 4 4 4 4 4 4 4 4 4 4 4 4 4 0 0"/>
        <egoPosition values="3783.26,1353.66 3763.96,1353.76 3749.17,1353.84 3737.08,1353.90 3727.35,1354.17 3719.37,1354.65 3713.52,1354.99 3708.92,1355.26 3703.79,1355.57 3698.35,1355.55 3690.40,1355.72 3679.94,1355.93 3667.07,1356.20 3658.64,1356.37 3654.63,1356.45 3654.57,1356.46 3654.57,1356.46 3654.56,1356.46 3654.56,1356.46 3654.49,1353.26 3653.30,1353.28 3649.59,1353.36 3649.59,1353.36 3649.59,1353.36 3648.15,1353.39 3645.39,1353.44"/>
        <egoVelocity values="-22.26,-0.16 -19.30,0.10 -14.80,0.08 -12.09,0.06 -9.73,0.32 -7.98,0.47 -5.85,0.35 -4.60,0.27 -5.13,0.30 -5.45,0.09 -7.94,0.16 -10.47,0.22 -12.86,0.27 -8.44,0.17 -4.01,0.08 -0.07,0.00 -0.00,0.00 -0.00,0.00 -0.00,0.00 -0.00,0.00 -1.20,0.02 -3.70,0.08 -0.00,0.00 -0.00,0.00 -1.45,0.03 -2.76,0.06"/>
        <foePosition values="3732.28,1353.93 3724.71,1354.33 3718.97,1354.67 3714.02,1354.96 3709.70,1355.22 3705.05,1355.49 3700.44,1355.54 3695.33,1355.62 3690.69,1355.71 3687.94,1352.57 3685.25,1352.62 3682.56,1352.68 3679.08,1352.75 3676.82,1352.80 3674.49,1349.64 3670.03,1349.73 3665.37,1349.83 3658.98,1349.96 3654.27,1350.06 3648.00,1350.19 3640.71,1350.34 3631.26,1350.53 3619.85,1350.77 3605.87,1351.06 3590.35,1351.38 3572.63,1351.74"/>
        <foeVelocity values="-11.75,0.06 -7.56,0.45 -5.74,0.34 -4.94,0.29 -4.33,0.26 -4.65,0.28 -4.62,-0.02 -5.11,0.11 -4.63,0.10 -2.69,0.06 -2.69,0.06 -2.69,0.06 -3.48,0.07 -2.27,0.05 -2.27,0.05 -4.45,0.09 -4.67,0.10 -6.38,0.13 -4.71,0.10 -6.28,0.13 -7.29,0.15 -9.45,0.19 -11.41,0.24 -13.98,0.29 -15.52,0.32 -17.72,0.37"/>
        <conflictPoint values="3735.78,1353.91 3728.20,1354.12 3722.46,1354.46 3717.52,1354.75 3713.19,1355.01 3708.54,1355.29 3703.93,1355.56 3698.82,1355.54 3694.19,1355.64 NA NA NA NA NA NA NA NA NA NA NA NA NA NA NA NA NA"/>
        <TTCSpan values="4.52 3.05 2.96 2.74 2.63 3.24 7.73 NA 19.04 NA NA NA NA NA NA NA NA NA NA NA NA NA NA NA NA NA"/>
        <minTTC time="3727.00" position="3713.19,1355.01" type="2" value="2.63" speed="9.73"/>
    </conflict>
    <conflict begin="3716.00" end="3748.00" ego="4603" foe="4610">
        <timeSpan values="3716.00 3717.00 3718.00 3719.00 3720.00 3721.00 3722.00 3723.00 3724.00 3725.00 3726.00 3727.00 3728.00 3729.00 3730.00 3731.00 3732.00 3733.00 3734.00 3735.00 3736.00 3737.00 3738.00 3739.00 3740.00 3741.00 3742.00 3743.00 3744.00 3745.00 3746.00 3747.00 3748.00"/>
        <typeSpan values="2 2 2 2 2 2 2 2 2 2 2 2 2 2 2 2 2 2 2 2 2 2 2 2 2 2 2 2 2 2 2 2 2"/>
        <egoPosition values="4114.88,1237.91 4096.58,1244.17 4077.99,1250.84 4060.37,1257.30 4043.96,1263.31 4027.84,1269.21 4011.43,1275.22 3993.50,1281.79 3976.40,1288.05 3957.21,1295.08 3939.49,1301.57 3921.39,1308.20 3903.29,1314.83 3884.70,1321.91 3867.19,1327.11 3853.32,1331.24 3840.00,1334.93 3826.35,1337.63 3811.84,1340.50 3797.49,1343.22 3781.31,1346.14 3769.60,1348.25 3758.87,1349.45 3749.78,1349.90 3740.89,1350.34 3734.44,1350.65 3729.67,1350.89 3725.60,1351.09 3722.03,1351.26 3719.83,1351.37 3717.83,1351.47 3716.37,1351.54 3716.23,1351.55"/>
        <egoVelocity values="-22.55,7.71 -18.29,6.26 -18.68,6.84 -17.62,6.45 -16.42,6.01 -16.11,5.90 -16.41,6.01 -17.93,6.57 -17.10,6.26 -19.19,7.03 -17.72,6.49 -18.10,6.63 -18.10,6.63 -18.64,6.90 -17.33,5.15 -13.73,4.08 -13.24,3.49 -13.51,2.67 -14.36,2.84 -14.22,2.61 -16.02,2.89 -11.59,2.09 -10.67,0.95 -9.00,0.44 -8.80,0.43 -6.38,0.31 -4.71,0.23 -4.03,0.20 -3.53,0.17 -2.18,0.11 -1.97,0.10 -1.45,0.07 -0.14,0.01"/>
        <foePosition values="4066.78,1254.95 4051.72,1260.47 4037.89,1265.53 4023.32,1270.87 4008.92,1276.14 3993.57,1281.76 3976.71,1287.94 3959.84,1294.12 3941.95,1300.67 3924.28,1307.14 3906.96,1313.48 3887.82,1320.85 3869.64,1326.39 3853.15,1331.29 3839.96,1334.94 3826.82,1337.54 3813.87,1340.10 3799.58,1342.85 3784.42,1345.58 3768.84,1348.38 3757.64,1349.51 3747.23,1350.03 3738.40,1350.46 3729.86,1350.88 3723.53,1351.19 3718.67,1351.43 3713.67,1351.67 3709.85,1351.86 3707.94,1351.96 3706.77,1352.01 3705.70,1352.07 3705.51,1352.08 3705.40,1352.08"/>
        <foeVelocity values="-13.63,4.99 -15.06,5.51 -13.83,5.06 -14.58,5.34 -14.40,5.27 -15.34,5.62 -16.86,6.18 -16.87,6.18 -17.90,6.55 -17.67,6.47 -17.32,6.34 -19.09,7.48 -18.04,5.36 -16.32,4.85 -13.11,3.45 -13.01,2.57 -12.82,2.53 -14.15,2.66 -15.00,2.70 -15.42,2.78 -11.14,0.78 -10.31,0.51 -8.74,0.43 -8.45,0.42 -6.26,0.31 -4.82,0.24 -4.95,0.24 -3.78,0.19 -1.90,0.09 -1.16,0.06 -1.05,0.05 -0.20,0.01 -0.11,0.01"/>
        <conflictPoint values="4074.29,1252.20 4059.23,1257.71 4045.41,1262.78 4030.83,1268.12 4016.43,1273.39 4001.09,1279.01 3984.22,1285.19 3967.35,1291.37 3949.46,1297.92 3931.79,1304.39 3914.47,1310.73 3895.35,1317.90 3877.39,1324.08 3860.90,1328.98 3847.77,1332.88 3834.75,1335.97 3821.79,1338.53 3807.52,1341.35 3792.38,1344.14 3776.80,1346.95 3765.69,1348.95 3755.30,1349.63 3746.47,1350.06 3737.93,1350.48 3731.60,1350.79 3726.74,1351.03 3721.74,1351.28 3717.93,1351.46 3716.01,1351.56 3714.84,1351.62 3713.78,1351.67 3713.58,1351.68 3713.47,1351.68"/>
        <TTCSpan values="4.64 12.09 6.71 9.71 13.66 34.66 NA 24.52 NA 16.67 62.49 NA 59.44 8.64 4.44 17.90 29.22 NA NA NA 3.08 9.80 6.25 21.46 3.62 4.86 NA 29.75 3.65 4.84 4.34 2.21 85.02"/>
        <minTTC time="3747.00" position="3713.58,1351.68" type="2" value="2.21" speed="1.45"/>
    </conflict>
    <conflict begin="3720.00" end="3748.00" ego="4603" foe="4636">
        <timeSpan values="3720.00 3721.00 3722.00 3723.00 3724.00 3725.00 3726.00 3727.00 3728.00 3729.00 3730.00 3731.00 3732.00 3733.00 3734.00 3735.00 3736.00 3737.00 3738.00 3739.00 3740.00 3741.00 3742.00 3743.00 3744.00 3745.00 3746.00 3747.00 3748.00"/>
        <typeSpan values="4 4 4 4 4 4 4 4 4 4 4 4 4 4 3 3 3 3 3 3 3 3 3 3 3 3 3 3 3"/>
        <egoPosition values="4043.96,1263.31 4027.84,1269.21 4011.43,1275.22 3993.50,1281.79 3976.40,1288.05 3957.21,1295.08 3939.49,1301.57 3921.39,1308.20 3903.29,1314.83 3884.70,1321.91 3867.19,1327.11 3853.32,1331.24 3840.00,1334.93 3826.35,1337.63 3811.84,1340.50 3797.49,1343.22 3781.31,1346.14 3769.60,1348.25 3758.87,1349.45 3749.78,1349.90 3740.89,1350.34 3734.44,1350.65 3729.67,1350.89 3725.60,1351.09 3722.03,1351.26 3719.83,1351.37 3717.83,1351.47 3716.37,1351.54 3716.23,1351.55"/>
        <egoVelocity values="-16.42,6.01 -16.11,5.90 -16.41,6.01 -17.93,6.57 -17.10,6.26 -19.19,7.03 -17.72,6.49 -18.10,6.63 -18.10,6.63 -18.64,6.90 -17.33,5.15 -13.73,4.08 -13.24,3.49 -13.51,2.67 -14.36,2.84 -14.22,2.61 -16.02,2.89 -11.59,2.09 -10.67,0.95 -9.00,0.44 -8.80,0.43 -6.38,0.31 -4.71,0.23 -4.03,0.20 -3.53,0.17 -2.18,0.11 -1.97,0.10 -1.45,0.07 -0.14,0.01"/>
        <foePosition values="4095.49,1241.16 4074.89,1248.58 4053.29,1256.49 4031.92,1264.31 4010.49,1272.16 3988.33,1280.27 3965.54,1288.62 3943.62,1296.65 3922.01,1304.56 3902.23,1311.81 3884.37,1318.67 3867.81,1323.59 3853.13,1327.96 3840.29,1331.62 3829.90,1336.93 3818.52,1339.18 3807.14,1341.43 3795.74,1343.54 3782.82,1345.87 3771.26,1347.95 3761.67,1349.32 3752.94,1349.74 3747.02,1350.04 3741.61,1350.30 3737.36,1350.51 3733.82,1350.68 3731.72,1350.79 3728.60,1350.94 3727.02,1351.02"/>
        <foeVelocity values="-19.50,6.67 -20.62,7.55 -21.60,7.91 -21.37,7.83 -21.42,7.85 -22.16,8.12 -22.79,8.35 -21.92,8.03 -21.61,7.91 -19.79,7.25 -17.98,6.52 -16.47,4.89 -14.61,4.34 -12.89,3.24 -11.13,2.20 -11.26,2.23 -11.26,2.23 -11.30,2.04 -12.78,2.30 -11.45,2.06 -9.58,0.74 -8.63,0.42 -5.86,0.29 -5.36,0.26 -4.20,0.21 -3.51,0.17 -2.08,0.10 -3.09,0.15 -1.56,0.08"/>
        <conflictPoint values="NA NA NA NA NA NA NA NA NA NA NA NA NA NA 3819.77,1338.93 3805.44,1341.76 3789.26,1344.70 3777.56,1346.81 3766.90,1348.73 3757.85,1349.50 3748.96,1349.94 3742.51,1350.26 3737.75,1350.49 3733.67,1350.69 3730.11,1350.87 3727.90,1350.97 3725.91,1351.07 3724.45,1351.14 3724.30,1351.15"/>
        <TTCSpan values="NA NA NA NA NA NA NA NA NA NA NA NA NA NA NA NA NA NA 7.05 5.10 15.84 4.59 8.02 5.90 10.67 4.42 56.29 2.50 1.89"/>
        <minTTC time="3748.00" position="3724.30,1351.15" type="3" value="1.89" speed="0.14"/>
    </conflict>
    <conflict begin="3734.00" end="3742.00" ego="4609" foe="4653">
        <timeSpan values="3734.00 3735.00 3736.00 3737.00 3738.00 3739.00 3740.00 3741.00 3742.00"/>
        <typeSpan values="3 3 3 3 4 4 4 0 0"/>
        <egoPosition values="3631.86,1356.92 3631.86,1356.92 3630.34,1356.96 3626.44,1357.04 3620.08,1353.97 3611.27,1354.15 3600.24,1354.38 3586.98,1354.65 3571.83,1354.96"/>
        <egoVelocity values="-0.00,0.00 -0.00,0.00 -1.52,0.03 -3.90,0.08 -6.29,0.13 -8.81,0.18 -11.03,0.23 -13.26,0.27 -15.16,0.31"/>
        <foePosition values="3679.94,1355.93 3667.07,1356.20 3658.64,1356.37 3654.63,1356.45 3654.57,1356.46 3654.57,1356.46 3654.56,1356.46 3654.56,1356.46 3654.49,1353.26"/>
        <foeVelocity values="-10.47,0.22 -12.86,0.27 -8.44,0.17 -4.01,0.08 -0.07,0.00 -0.00,0.00 -0.00,0.00 -0.00,0.00 -0.00,0.00"/>
        <conflictPoint values="3639.85,1356.76 3639.85,1356.76 3638.34,1356.79 3634.44,1356.87 NA NA NA NA NA"/>
        <TTCSpan values="3.83 2.12 2.93 190.20 NA NA NA NA NA"/>
        <minTTC time="3735.00" position="3639.85,1356.76" type="3" value="2.12" speed="0.00"/>
    </conflict>
    <conflict begin="3716.00" end="3748.00" ego="4610" foe="4603">
        <timeSpan values="3716.00 3717.00 3718.00 3719.00 3720.00 3721.00 3722.00 3723.00 3724.00 3725.00 3726.00 3727.00 3728.00 3729.00 3730.00 3731.00 3732.00 3733.00 3734.00 3735.00 3736.00 3737.00 3738.00 3739.00 3740.00 3741.00 3742.00 3743.00 3744.00 3745.00 3746.00 3747.00 3748.00"/>
        <typeSpan values="3 3 3 3 3 3 3 3 3 3 3 3 3 3 3 3 3 3 3 3 3 3 3 3 3 3 3 3 3 3 3 3 3"/>
        <egoPosition values="4066.78,1254.95 4051.72,1260.47 4037.89,1265.53 4023.32,1270.87 4008.92,1276.14 3993.57,1281.76 3976.71,1287.94 3959.84,1294.12 3941.95,1300.67 3924.28,1307.14 3906.96,1313.48 3887.82,1320.85 3869.64,1326.39 3853.15,1331.29 3839.96,1334.94 3826.82,1337.54 3813.87,1340.10 3799.58,1342.85 3784.42,1345.58 3768.84,1348.38 3757.64,1349.51 3747.23,1350.03 3738.40,1350.46 3729.86,1350.88 3723.53,1351.19 3718.67,1351.43 3713.67,1351.67 3709.85,1351.86 3707.94,1351.96 3706.77,1352.01 3705.70,1352.07 3705.51,1352.08 3705.40,1352.08"/>
        <egoVelocity values="-13.63,4.99 -15.06,5.51 -13.83,5.06 -14.58,5.34 -14.40,5.27 -15.34,5.62 -16.86,6.18 -16.87,6.18 -17.90,6.55 -17.67,6.47 -17.32,6.34 -19.09,7.48 -18.04,5.36 -16.32,4.85 -13.11,3.45 -13.01,2.57 -12.82,2.53 -14.15,2.66 -15.00,2.70 -15.42,2.78 -11.14,0.78 -10.31,0.51 -8.74,0.43 -8.45,0.42 -6.26,0.31 -4.82,0.24 -4.95,0.24 -3.78,0.19 -1.90,0.09 -1.16,0.06 -1.05,0.05 -0.20,0.01 -0.11,0.01"/>
        <foePosition values="4114.88,1237.91 4096.58,1244.17 4077.99,1250.84 4060.37,1257.30 4043.96,1263.31 4027.84,1269.21 4011.43,1275.22 3993.50,1281.79 3976.40,1288.05 3957.21,1295.08 3939.49,1301.57 3921.39,1308.20 3903.29,1314.83 3884.70,1321.91 3867.19,1327.11 3853.32,1331.24 3840.00,1334.93 3826.35,1337.63 3811.84,1340.50 3797.49,1343.22 3781.31,1346.14 3769.60,1348.25 3758.87,1349.45 3749.78,1349.90 3740.89,1350.34 3734.44,1350.65 3729.67,1350.89 3725.60,1351.09 3722.03,1351.26 3719.83,1351.37 3717.83,1351.47 3716.37,1351.54 3716.23,1351.55"/>
        <foeVelocity values="-22.55,7.71 -18.29,6.26 -18.68,6.84 -17.62,6.45 -16.42,6.01 -16.11,5.90 -16.41,6.01 -17.93,6.57 -17.10,6.26 -19.19,7.03 -17.72,6.49 -18.10,6.63 -18.10,6.63 -18.64,6.90 -17.33,5.15 -13.73,4.08 -13.24,3.49 -13.51,2.67 -14.36,2.84 -14.22,2.61 -16.02,2.89 -11.59,2.09 -10.67,0.95 -9.00,0.44 -8.80,0.43 -6.38,0.31 -4.71,0.23 -4.03,0.20 -3.53,0.17 -2.18,0.11 -1.97,0.10 -1.45,0.07 -0.14,0.01"/>
        <conflictPoint values="4074.29,1252.20 4059.23,1257.71 4045.41,1262.78 4030.83,1268.12 4016.43,1273.39 4001.09,1279.01 3984.22,1285.19 3967.35,1291.37 3949.46,1297.92 3931.79,1304.39 3914.47,1310.73 3895.35,1317.90 3877.39,1324.08 3860.90,1328.98 3847.77,1332.88 3834.75,1335.97 3821.79,1338.53 3807.52,1341.35 3792.38,1344.14 3776.80,1346.95 3765.69,1348.95 3755.30,1349.63 3746.47,1350.06 3737.93,1350.48 3731.60,1350.79 3726.74,1351.03 3721.74,1351.28 3717.93,1351.46 3716.01,1351.56 3714.84,1351.62 3713.78,1351.67 3713.58,1351.68 3713.47,1351.68"/>
        <TTCSpan values="4.64 12.09 6.71 9.71 13.66 34.66 NA 24.52 NA 16.67 62.49 NA 59.44 8.64 4.44 17.90 29.22 NA NA NA 3.08 9.80 6.25 21.46 3.62 4.86 NA 29.75 3.65 4.84 4.34 2.21 85.02"/>
        <minTTC time="3747.00" position="3713.58,1351.68" type="3" value="2.21" speed="0.20"/>
    </conflict>
    <conflict begin="3726.00" end="3748.00" ego="4610" foe="4613">
        <timeSpan values="3726.00 3727.00 3728.00 3729.00 3730.00 3731.00 3732.00 3733.00 3734.00 3735.00 3736.00 3737.00 3738.00 3739.00 3740.00 3741.00 3742.00 3743.00 3744.00 3745.00 3746.00 3747.00 3748.00"/>
        <typeSpan values="2 2 2 2 2 2 2 2 2 2 2 2 2 2 2 2 2 2 2 2 2 2 2"/>
        <egoPosition values="3906.96,1313.48 3887.82,1320.85 3869.64,1326.39 3853.15,1331.29 3839.96,1334.94 3826.82,1337.54 3813.87,1340.10 3799.58,1342.85 3784.42,1345.58 3768.84,1348.38 3757.64,1349.51 3747.23,1350.03 3738.40,1350.46 3729.86,1350.88 3723.53,1351.19 3718.67,1351.43 3713.67,1351.67 3709.85,1351.86 3707.94,1351.96 3706.77,1352.01 3705.70,1352.07 3705.51,1352.08 3705.40,1352.08"/>
        <egoVelocity values="-17.32,6.34 -19.09,7.48 -18.04,5.36 -16.32,4.85 -13.11,3.45 -13.01,2.57 -12.82,2.53 -14.15,2.66 -15.00,2.70 -15.42,2.78 -11.14,0.78 -10.31,0.51 -8.74,0.43 -8.45,0.42 -6.26,0.31 -4.82,0.24 -4.95,0.24 -3.78,0.19 -1.90,0.09 -1.16,0.06 -1.05,0.05 -0.20,0.01 -0.11,0.01"/>
        <foePosition values="3857.14,1330.10 3844.68,1333.80 3833.21,1336.28 3823.27,1338.24 3813.60,1340.15 3803.00,1342.23 3789.86,1344.60 3775.33,1347.22 3760.10,1349.39 3748.76,1349.95 3738.64,1350.45 3730.07,1350.87 3722.62,1351.23 3715.92,1351.56 3711.49,1351.78 3706.55,1352.02 3702.52,1352.22 3700.59,1352.29 3699.80,1352.32 3699.40,1352.33 3699.16,1352.33 3699.16,1352.33 3699.16,1352.33"/>
        <foeVelocity values="-13.86,4.12 -12.34,3.67 -11.40,2.25 -9.83,1.94 -9.58,1.89 -10.49,2.03 -13.01,2.35 -14.38,2.59 -15.23,0.75 -11.23,0.55 -10.02,0.49 -8.48,0.42 -7.37,0.36 -6.63,0.33 -4.39,0.22 -4.89,0.24 -3.99,0.20 -1.82,0.08 -0.75,0.03 -0.37,0.01 -0.24,0.01 -0.00,0.00 -0.00,0.00"/>
        <conflictPoint values="3860.53,1329.09 3848.06,1332.80 3836.68,1335.59 3826.74,1337.55 3817.06,1339.47 3806.48,1341.56 3793.34,1343.97 3778.81,1346.59 3763.64,1349.22 3752.29,1349.78 3742.17,1350.27 3733.60,1350.69 3726.15,1351.06 3719.45,1351.39 3715.02,1351.61 3710.08,1351.85 3706.05,1352.05 3704.22,1352.14 3703.46,1352.18 3703.08,1352.19 3702.84,1352.21 3702.84,1352.21 3702.84,1352.21"/>
        <TTCSpan values="12.23 5.38 4.71 3.84 6.09 7.96 NA NA NA 3.73 13.45 7.39 8.87 5.64 4.51 NA 7.85 2.85 3.85 4.63 3.52 13.42 23.55"/>
        <minTTC time="3743.00" position="3704.22,1352.14" type="2" value="2.85" speed="3.78"/>
    </conflict>
    <conflict begin="3703.00" end="3748.00" ego="4628" foe="4646">
        <timeSpan values="3703.00 3704.00 3705.00 3706.00 3707.00 3708.00 3709.00 3710.00 3711.00 3712.00 3713.00 3714.00 3715.00 3716.00 3717.00 3718.00 3719.00 3720.00 3721.00 3722.00 3723.00 3724.00 3725.00 3726.00 3727.00 3728.00 3729.00 3730.00 3731.00 3732.00 3733.00 3734.00 3735.00 3736.00 3737.00 3738.00 3739.00 3740.00 3741.00 3742.00 3743.00 3744.00 3745.00 3746.00 3747.00 3748.00"/>
        <typeSpan values="4 4 4 4 4 4 4 4 4 4 4 4 4 4 4 4 4 4 4 4 4 4 4 4 4 4 4 4 4 4 2 2 2 2 2 2 2 2 2 2 2 2 2 2 2 2"/>
        <egoPosition values="4489.97,1103.33 4481.72,1105.87 4472.20,1108.81 4460.74,1112.52 4447.32,1117.13 4431.53,1122.57 4413.63,1128.72 4394.34,1135.35 4377.74,1141.06 4361.00,1146.82 4346.06,1151.96 4331.82,1156.85 4315.76,1162.37 4299.71,1167.89 4283.66,1173.41 4267.61,1178.92 4252.57,1187.44 4235.08,1193.43 4216.00,1199.95 4195.28,1207.04 4173.71,1214.41 4156.39,1220.33 4138.05,1229.99 4116.87,1237.23 4095.88,1244.40 4074.39,1252.16 4051.96,1260.38 4030.12,1268.38 4008.70,1276.22 3987.42,1284.02 3968.10,1291.09 3949.11,1298.05 3929.68,1305.16 3910.99,1312.01 3893.86,1318.49 3876.86,1324.24 3859.50,1329.40 3842.81,1334.36 3825.82,1337.73 3809.87,1340.89 3794.75,1343.71 3782.54,1345.92 3773.76,1347.50 3766.45,1348.82 3761.63,1349.32 3757.17,1349.54"/>
        <egoVelocity values="-6.28,1.94 -8.25,2.55 -9.52,2.94 -11.43,3.79 -13.42,4.61 -15.79,5.43 -17.89,6.15 -19.30,6.64 -16.60,5.71 -16.74,5.76 -14.94,5.14 -14.24,4.90 -16.05,5.52 -16.05,5.52 -16.05,5.52 -16.06,5.49 -16.06,5.49 -17.50,5.98 -19.08,6.52 -20.72,7.09 -21.57,7.38 -17.31,5.92 -19.38,6.63 -21.17,7.24 -20.99,7.18 -21.59,7.91 -22.43,8.22 -21.84,8.00 -21.42,7.85 -21.28,7.79 -19.32,7.08 -18.99,6.96 -19.43,7.12 -18.69,6.85 -17.12,6.71 -17.04,5.06 -17.18,5.10 -16.52,4.91 -16.82,3.32 -15.79,3.12 -14.98,2.70 -12.08,2.18 -8.69,1.57 -7.24,1.30 -4.77,0.64 -4.41,0.27"/>
        <foePosition values="4504.14,1092.25 4502.07,1092.89 4497.67,1094.25 4490.89,1096.34 4481.74,1099.17 4470.23,1102.72 4456.34,1107.26 4440.61,1112.67 4422.99,1118.73 4403.72,1125.36 4383.15,1132.43 4362.58,1142.89 4340.14,1150.61 4317.08,1158.54 4293.56,1166.63 4269.73,1174.81 4245.66,1183.04 4223.42,1190.65 4203.03,1197.62 4184.47,1203.97 4168.79,1212.71 4150.67,1218.90 4130.95,1225.65 4111.00,1235.85 4089.08,1243.38 4066.52,1251.64 4043.47,1260.08 4020.09,1268.64 3996.57,1277.26 3973.08,1285.86 3951.90,1297.02 3930.19,1304.98 3909.49,1312.56 3890.50,1319.80 3872.49,1325.54 3854.81,1330.79 3837.25,1335.48 3819.54,1338.98 3802.60,1342.30 3787.78,1344.97 3775.33,1347.21 3766.79,1348.75 3759.83,1349.41 3754.72,1349.66 3750.76,1349.85 3748.58,1349.96"/>
        <foeVelocity values="-0.00,0.00 -2.07,0.64 -4.40,1.36 -6.77,2.09 -9.16,2.83 -11.50,3.55 -13.63,4.69 -15.73,5.41 -17.63,6.06 -19.27,6.63 -20.57,7.07 -21.61,7.43 -22.44,7.72 -23.06,7.93 -23.51,8.09 -23.85,8.16 -24.07,8.23 -22.23,7.60 -20.39,6.97 -18.55,6.35 -16.72,5.72 -18.12,6.19 -19.72,6.74 -20.99,7.18 -21.93,7.70 -22.56,8.26 -23.06,8.44 -23.37,8.56 -23.52,8.61 -23.49,8.60 -22.28,8.16 -21.71,7.95 -20.70,7.58 -18.95,7.43 -17.94,5.33 -17.51,5.20 -17.66,3.49 -17.53,3.46 -16.79,3.21 -14.67,2.64 -12.32,2.22 -8.46,1.52 -6.92,0.34 -5.06,0.25 -3.92,0.19 -2.16,0.11"/>
        <conflictPoint values="NA NA NA NA NA NA NA NA NA NA NA NA NA NA NA NA NA NA NA NA NA NA NA NA NA NA NA NA NA NA 3955.19,1295.82 3933.48,1303.77 3912.78,1311.35 3893.80,1318.51 3875.88,1324.53 3858.20,1329.79 3840.72,1334.79 3823.01,1338.29 3806.07,1341.64 3791.26,1344.35 3778.81,1346.59 3770.27,1348.13 3763.36,1349.23 3758.25,1349.48 3754.29,1349.68 3752.11,1349.79"/>
        <TTCSpan values="NA NA NA NA NA NA NA NA NA NA NA NA NA NA NA NA NA NA NA NA NA NA NA NA NA NA NA NA NA NA NA NA NA NA NA NA NA NA 344.92 15.77 5.92 3.35 5.49 3.56 8.22 2.23"/>
        <minTTC time="3748.00" position="3752.11,1349.79" type="2" value="2.23" speed="4.42"/>
    </conflict>
    <conflict begin="3705.00" end="3748.00" ego="4629" foe="4654">
